# number of nodes per round of a radar measurement.
#
# col 0: round
# col 1: number of nodes
1 10807
2 10873
3 10902
4 10884
5 10853
6 10817
7 10905
8 10880
9 10864
10 10894
11 10913
12 10877
13 10893
14 10837
15 10905
16 10892
17 10809
18 10915
19 10888
20 10873
21 10903
22 10953
23 10906
24 10906
25 10933
26 10914
27 10802
28 10868
29 10941
30 10628
31 10756
32 10782
33 10846
34 10857
35 10909
36 10838
37 10878
38 10874
39 10881
40 10903
41 10902
42 10866
43 10810
44 10878
45 10899
46 10867
47 10899
48 10885
49 10829
50 10838
51 10825
52 10794
53 10898
54 10864
55 10860
56 10810
57 10828
58 10834
59 10821
60 10810
61 10864
62 10841
63 10761
64 10911
65 10829
66 10828
67 10826
68 10782
69 10824
70 10808
71 10734
72 10776
73 10818
74 10810
75 10768
76 10847
77 10754
78 10783
79 10814
80 10835
81 10827
82 10851
83 10822
84 10877
85 10845
86 10856
87 10862
88 10803
89 10834
90 10826
91 10853
92 10875
93 10848
94 10828
95 10840
96 10924
97 10857
98 10865
99 10829
100 10855
101 10925
102 10872
103 10887
104 10903
105 10880
106 10818
107 10825
108 10863
109 10925
110 10877
111 10763
112 10803
113 10788
114 10896
115 10875
116 10887
117 10827
118 10853
119 10771
120 10804
121 10836
122 10903
123 10902
124 10879
125 10816
126 10816
127 10783
128 10869
129 10899
130 10840
131 10850
132 10850
133 10862
134 10905
135 10920
136 10891
137 10871
138 10896
139 10880
140 10866
141 10887
142 10900
143 10815
144 10902
145 10851
146 10964
147 10864
148 10920
149 10835
150 10841
151 10791
152 10890
153 10839
154 10902
155 10837
156 10868
157 10819
158 10843
159 10807
160 10779
161 10866
162 10845
163 10822
164 10802
165 10861
166 10676
167 10824
168 10829
169 10803
170 10771
171 10820
172 10782
173 10825
174 10868
175 10797
176 10882
177 10806
178 10791
179 10797
180 10885
181 10790
182 9748
183 10437
184 9785
185 9681
186 9680
187 9304
188 10292
189 10342
190 10391
191 10395
192 10408
193 10445
194 10419
195 10350
196 10399
197 10437
198 10483
199 10414
200 10451
201 10400
202 10442
203 10371
204 10428
205 10423
206 10400
207 10441
208 10411
209 10459
210 10485
211 10433
212 10446
213 10471
214 10457
215 10778
216 10878
217 10890
218 10868
219 10866
220 10865
221 10897
222 10845
223 10831
224 10866
225 10768
226 10926
227 10728
228 10764
229 10913
230 10805
231 10880
232 10921
233 10877
234 10874
235 10820
236 10882
237 10906
238 10746
239 10895
240 10844
241 10882
242 10844
243 10854
244 10869
245 10874
246 10885
247 10843
248 10814
249 10683
250 10812
251 10857
252 10880
253 10812
254 10784
255 10800
256 10832
257 10811
258 10812
259 10832
260 10804
261 10733
262 10764
263 10814
264 10818
265 10763
266 10795
267 10838
268 10806
269 10812
270 10683
271 10842
272 10798
273 10835
274 10855
275 10741
276 10812
277 10773
278 10842
279 10875
280 10797
281 10824
282 10790
283 10752
284 10789
285 10763
286 10637
287 10759
288 10741
289 10804
290 10769
291 10674
292 10789
293 10716
294 10741
295 10719
296 10789
297 10790
298 10837
299 10784
300 10820
301 10748
302 10760
303 10761
304 10755
305 10847
306 10765
307 10756
308 10769
309 10727
310 10758
311 10735
312 10754
313 10784
314 10692
315 10820
316 10814
317 10838
318 10816
319 10855
320 10771
321 10835
322 10819
323 10819
324 10767
325 10808
326 10768
327 10826
328 10850
329 10871
330 10795
331 10830
332 10767
333 10889
334 10784
335 10814
336 10796
337 10902
338 10819
339 10793
340 10876
341 10841
342 10846
343 10831
344 10813
345 10752
346 10860
347 10751
348 10764
349 10789
350 10756
351 10810
352 10812
353 10819
354 10846
355 10867
356 10714
357 10837
358 10859
359 10821
360 10845
361 10837
362 10787
363 10782
364 10782
365 10828
366 10822
367 10786
368 10732
369 10788
370 10744
371 10783
372 10777
373 10797
374 10757
375 10767
376 10683
377 10809
378 10767
379 10787
380 10769
381 10813
382 10672
383 10730
384 10745
385 10728
386 10725
387 10731
388 10686
389 10725
390 10889
391 10873
392 10769
393 10800
394 10733
395 10650
396 10736
397 10697
398 10775
399 10752
400 10710
401 10761
402 10702
403 10731
404 10734
405 10724
406 10761
407 10776
408 10774
409 10777
410 10713
411 10737
412 10758
413 10804
414 10761
415 10710
416 10765
417 10800
418 10767
419 10802
420 10761
421 10734
422 10788
423 10732
424 10793
425 10738
426 10727
427 10766
428 10806
429 10764
430 10795
431 10738
432 10795
433 10779
434 10812
435 10781
436 10782
437 10817
438 10781
439 10788
440 10877
441 10759
442 10818
443 10832
444 10794
445 10765
446 10807
447 10729
448 10788
449 10728
450 10641
451 10679
452 10689
453 10679
454 10677
455 10680
456 10713
457 10754
458 10733
459 10696
460 10684
461 10744
462 10686
463 10778
464 10730
465 10713
466 10759
467 10716
468 10747
469 10681
470 10687
471 10703
472 10755
473 10723
474 10783
475 10732
476 10732
477 10769
478 10731
479 10748
480 10753
481 10769
482 10682
483 10706
484 10748
485 10734
486 10722
487 10627
488 10745
489 10737
490 10696
491 10743
492 10744
493 10738
494 10803
495 10751
496 10422
497 10709
498 10679
499 10779
500 10753
501 10711
502 10763
503 10732
504 10742
505 10762
506 10765
507 10684
508 10702
509 10706
510 10704
511 10817
512 10749
513 10806
514 10780
515 10766
516 10711
517 10768
518 10723
519 10753
520 10827
521 10780
522 10752
523 10738
524 10816
525 10776
526 10745
527 10730
528 10753
529 10765
530 10744
531 10740
532 10789
533 10727
534 10749
535 10755
536 10776
537 10734
538 10728
539 10657
540 10800
541 10812
542 10744
543 10705
544 10771
545 10767
546 10802
547 10699
548 10767
549 10708
550 10765
551 10773
552 10752
553 10735
554 10695
555 10729
556 10756
557 10771
558 10751
559 10754
560 10708
561 10679
562 10721
563 10693
564 10709
565 10714
566 10708
567 10649
568 10730
569 10656
570 10688
571 10632
572 10592
573 10611
574 10672
575 10658
576 10694
577 10656
578 10705
579 10706
580 10719
581 10721
582 10735
583 10671
584 10745
585 10735
586 10716
587 10713
588 10692
589 10713
590 10764
591 10700
592 10736
593 10798
594 10735
595 10748
596 10765
597 10748
598 10782
599 10722
600 10701
601 10759
602 10699
603 10757
604 10683
605 10732
606 10749
607 10703
608 10782
609 10780
610 10769
611 10753
612 10796
613 10719
614 10783
615 10748
616 10692
617 10703
618 10719
619 10688
620 10673
621 10764
622 10704
623 10670
624 10747
625 10810
626 10783
627 10771
628 10801
629 10762
630 10697
631 10721
632 10698
633 10719
634 10815
635 10785
636 10794
637 10730
638 10728
639 10691
640 10772
641 10745
642 10732
643 10792
644 10792
645 10762
646 10755
647 10771
648 10773
649 10706
650 10775
651 10714
652 10748
653 10832
654 10718
655 10763
656 10750
657 10787
658 10722
659 10746
660 10733
661 10748
662 10749
663 10744
664 10770
665 10684
666 10723
667 10694
668 10746
669 10692
670 10775
671 10806
672 10740
673 10681
674 10773
675 10721
676 10721
677 10747
678 10747
679 10720
680 10746
681 10683
682 10723
683 10747
684 10746
685 10680
686 10767
687 10743
688 10732
689 10690
690 10724
691 10735
692 10664
693 10755
694 10704
695 10760
696 10746
697 10692
698 10709
699 10685
700 10667
701 10768
702 10720
703 10709
704 10726
705 10694
706 10696
707 10779
708 10698
709 10759
710 10731
711 10744
712 10700
713 10725
714 10709
715 10663
716 10723
717 10719
718 10759
719 10767
720 10783
721 10797
722 10773
723 10752
724 10827
725 10713
726 10733
727 10783
728 10729
729 10753
730 10762
731 10770
732 10720
733 10726
734 10716
735 10708
736 10779
737 10707
738 10709
739 10734
740 10696
741 10795
742 10734
743 10782
744 10736
745 10727
746 10757
747 10760
748 10805
749 10761
750 10774
751 10716
752 10719
753 10737
754 10765
755 10735
756 10724
757 10773
758 10742
759 10792
760 10715
761 10759
762 10721
763 10760
764 10733
765 10772
766 10789
767 10769
768 10739
769 10708
770 10732
771 10735
772 10720
773 10663
774 10769
775 10694
776 10684
777 10704
778 10711
779 10666
780 10683
781 10719
782 10726
783 10710
784 10706
785 10720
786 10757
787 10641
788 10729
789 10606
790 10595
791 10626
792 10699
793 10640
794 10642
795 10640
796 10568
797 10617
798 10677
799 10704
800 10628
801 10665
802 10619
803 10713
804 10855
805 10776
806 10782
807 10780
808 10861
809 10716
810 10806
811 10839
812 10808
813 10836
814 10825
815 10784
816 10801
817 10776
818 10813
819 10764
820 10811
821 10736
822 10784
823 10788
824 10782
825 10790
826 10801
827 10792
828 10784
829 10703
830 10735
831 10755
832 10774
833 10764
834 10771
835 10709
836 10735
837 10660
838 10767
839 10761
840 10828
841 10800
842 10824
843 10783
844 10808
845 10772
846 10861
847 10836
848 10791
849 10848
850 10770
851 10827
852 10843
853 10852
854 10794
855 10790
856 10867
857 10848
858 10880
859 10806
860 10834
861 10799
862 10768
863 10827
864 10767
865 10726
866 10760
867 10765
868 10793
869 10740
870 10807
871 10746
872 10759
873 10839
874 10772
875 10737
876 10796
877 10785
878 10607
879 10629
880 10652
881 10577
882 10653
883 10611
884 10589
885 10774
886 10793
887 10695
888 10751
889 10786
890 10558
891 10668
892 10625
893 10677
894 10709
895 10642
896 10666
897 10625
898 10632
899 10654
900 10638
901 10655
902 10705
903 10636
904 10665
905 10703
906 10629
907 10588
908 10686
909 10600
910 10706
911 10694
912 10779
913 10774
914 10747
915 10869
916 10835
917 10811
918 10778
919 10817
920 10865
921 10821
922 10829
923 10817
924 10872
925 10775
926 10807
927 10881
928 10814
929 10812
930 10886
931 10806
932 10849
933 10826
934 10873
935 10866
936 10857
937 10854
938 10819
939 10770
940 10792
941 10813
942 10845
943 10850
944 10898
945 10761
946 10791
947 10865
948 10788
949 10827
950 10853
951 10779
952 10808
953 10845
954 10820
955 10829
956 10821
957 10783
958 10833
959 10807
960 10777
961 10769
962 10768
963 10788
964 10843
965 10816
966 10833
967 10820
968 10809
969 10794
970 10807
971 10764
972 10813
973 10805
974 10827
975 10738
976 10820
977 10776
978 10837
979 10791
980 10744
981 10785
982 10773
983 10764
984 10694
985 10766
986 10731
987 10779
988 10748
989 10780
990 10771
991 10808
992 10831
993 10797
994 10828
995 10763
996 10778
997 10801
998 10802
999 10807
1000 10788
1001 10769
1002 10778
1003 10800
1004 10759
1005 10830
1006 10826
1007 10815
1008 10829
1009 10816
1010 10774
1011 10770
1012 10791
1013 10786
1014 10783
1015 10797
1016 10812
1017 10831
1018 10881
1019 10826
1020 10780
1021 10815
1022 10829
1023 10785
1024 10849
1025 10882
1026 8254
1027 10843
1028 10840
1029 10877
1030 10762
1031 10900
1032 10860
1033 10879
1034 10953
1035 10899
1036 10812
1037 10921
1038 10879
1039 10936
1040 10856
1041 10831
1042 10865
1043 10903
1044 10837
1045 10816
1046 10872
1047 10864
1048 10870
1049 10929
1050 10883
1051 10824
1052 10875
1053 10817
1054 10820
1055 10777
1056 10834
1057 10851
1058 10847
1059 10840
1060 10824
1061 11040
1062 11053
1063 11032
1064 11005
1065 11018
1066 11005
1067 11027
1068 11023
1069 11017
1070 11006
1071 11027
1072 10982
1073 11002
1074 10971
1075 11006
1076 11019
1077 11028
1078 11026
1079 11005
1080 11004
1081 11046
1082 11038
1083 11037
1084 10985
1085 10927
1086 10975
1087 10964
1088 10983
1089 11003
1090 10972
1091 11009
1092 11030
1093 11048
1094 11021
1095 11048
1096 11029
1097 11001
1098 11023
1099 11032
1100 11008
1101 11054
1102 11013
1103 11075
1104 11014
1105 11071
1106 11073
1107 11066
1108 11060
1109 11045
1110 11040
1111 11068
1112 11118
1113 11084
1114 11110
1115 11120
1116 11140
1117 11082
1118 11107
1119 11088
1120 11102
1121 11119
1122 11046
1123 11069
1124 11067
1125 11023
1126 11075
1127 11015
1128 11116
1129 11038
1130 11068
1131 11057
1132 11105
1133 11050
1134 11064
1135 11082
1136 11115
1137 11044
1138 11065
1139 11059
1140 11077
1141 11056
1142 11066
1143 11061
1144 11048
1145 11058
1146 11083
1147 11044
1148 11078
1149 11066
1150 11048
1151 11052
1152 11091
1153 11037
1154 11067
1155 11020
1156 11042
1157 11015
1158 11054
1159 10979
1160 11077
1161 11031
1162 10962
1163 11036
1164 11031
1165 11030
1166 11033
1167 11036
1168 11047
1169 11027
1170 10976
1171 10915
1172 10897
1173 10878
1174 10746
1175 10954
1176 10914
1177 10907
1178 10907
1179 10889
1180 10960
1181 11004
1182 11004
1183 11016
1184 11042
1185 11040
1186 11018
1187 11072
1188 11072
1189 11053
1190 11052
1191 11034
1192 11041
1193 11013
1194 11022
1195 11057
1196 10974
1197 10897
1198 10905
1199 10953
1200 10986
1201 10998
1202 11015
1203 11055
1204 10999
1205 11044
1206 10990
1207 11075
1208 11066
1209 11039
1210 11041
1211 11037
1212 11075
1213 11049
1214 10873
1215 10921
1216 10946
1217 11011
1218 11009
1219 11009
1220 10970
1221 11027
1222 11036
1223 11035
1224 11031
1225 11051
1226 11056
1227 11050
1228 11006
1229 11062
1230 11034
1231 11076
1232 11016
1233 11051
1234 11063
1235 11057
1236 11071
1237 11058
1238 11073
1239 11051
1240 11065
1241 11036
1242 11037
1243 11035
1244 11041
1245 11072
1246 11086
1247 11053
1248 11060
1249 11077
1250 11043
1251 11111
1252 11098
1253 11095
1254 11094
1255 11069
1256 11060
1257 11042
1258 11041
1259 11061
1260 11002
1261 11010
1262 11013
1263 11022
1264 11015
1265 11021
1266 11008
1267 11004
1268 10986
1269 10988
1270 11007
1271 11051
1272 10993
1273 11007
1274 10952
1275 10911
1276 10954
1277 10955
1278 10924
1279 10998
1280 10935
1281 10992
1282 10972
1283 11019
1284 11027
1285 11013
1286 11028
1287 11067
1288 11031
1289 11041
1290 11013
1291 11020
1292 11021
1293 11035
1294 11049
1295 10941
1296 11014
1297 11027
1298 11030
1299 11017
1300 11047
1301 11014
1302 11011
1303 11056
1304 11030
1305 11068
1306 11040
1307 11065
1308 11073
1309 11042
1310 11097
1311 11035
1312 11055
1313 11063
1314 11007
1315 11071
1316 11070
1317 11048
1318 11045
1319 11081
1320 11020
1321 11057
1322 11048
1323 11045
1324 11062
1325 11033
1326 11036
1327 11083
1328 11059
1329 11107
1330 11095
1331 11074
1332 11076
1333 11060
1334 11056
1335 11040
1336 11068
1337 11070
1338 11063
1339 11075
1340 11039
1341 11080
1342 11039
1343 11064
1344 11049
1345 11088
1346 11058
1347 11114
1348 11080
1349 11099
1350 11101
1351 11086
1352 11040
1353 11084
1354 11036
1355 11067
1356 11093
1357 10978
1358 11002
1359 10996
1360 11000
1361 11008
1362 11021
1363 10978
1364 10993
1365 11017
1366 10997
1367 11016
1368 10944
1369 11008
1370 10951
1371 10997
1372 10946
1373 11043
1374 11014
1375 11041
1376 11020
1377 10991
1378 10972
1379 10998
1380 11033
1381 11048
1382 11109
1383 11026
1384 11018
1385 11042
1386 11057
1387 11029
1388 11037
1389 11036
1390 10995
1391 11025
1392 11099
1393 11109
1394 11087
1395 11041
1396 11099
1397 11034
1398 11094
1399 11066
1400 11105
1401 11097
1402 11095
1403 11099
1404 11108
1405 11050
1406 11104
1407 11060
1408 11118
1409 11103
1410 11092
1411 11084
1412 11092
1413 11118
1414 11114
1415 11123
1416 11099
1417 11087
1418 11125
1419 11107
1420 11106
1421 11096
1422 11104
1423 11144
1424 11114
1425 11122
1426 11133
1427 11139
1428 11140
1429 11105
1430 11111
1431 11050
1432 11094
1433 11091
1434 11072
1435 11074
1436 11106
1437 11111
1438 11107
1439 11114
1440 11088
1441 11109
1442 11132
1443 11117
1444 11109
1445 11081
1446 11060
1447 11065
1448 11051
1449 11080
1450 11045
1451 11018
1452 11032
1453 11041
1454 11067
1455 11043
1456 11065
1457 11015
1458 11028
1459 10999
1460 10995
1461 10967
1462 11022
1463 10980
1464 10998
1465 10984
1466 10951
1467 10949
1468 10961
1469 10962
1470 10991
1471 10975
1472 10983
1473 10989
1474 11030
1475 11022
1476 10965
1477 11024
1478 11025
1479 11013
1480 11037
1481 11009
1482 11030
1483 10990
1484 11020
1485 10983
1486 10992
1487 11031
1488 11012
1489 10997
1490 11045
1491 11043
1492 11005
1493 10998
1494 10944
1495 11011
1496 11018
1497 10801
1498 11039
1499 11034
1500 11017
1501 10996
1502 11024
1503 11032
1504 11046
1505 11066
1506 11045
1507 11026
1508 11048
1509 11010
1510 11058
1511 11063
1512 11094
1513 11086
1514 11076
1515 11099
1516 11110
1517 11138
1518 11053
1519 11075
1520 11098
1521 11086
1522 10805
1523 11017
1524 11064
1525 11091
1526 11080
1527 11095
1528 11065
1529 11138
1530 11102
1531 10978
1532 11038
1533 11098
1534 11102
1535 11069
1536 11000
1537 11121
1538 11087
1539 11091
1540 11113
1541 11048
1542 11080
1543 11075
1544 11037
1545 11080
1546 11083
1547 11090
1548 11016
1549 11010
1550 11020
1551 11015
1552 11016
1553 10993
1554 11040
1555 11042
1556 11000
1557 11021
1558 11007
1559 10986
1560 10989
1561 10987
1562 11000
1563 10998
1564 11019
1565 10997
1566 10984
1567 10978
1568 10884
1569 10991
1570 11016
1571 10981
1572 11019
1573 10987
1574 10999
1575 10975
1576 10936
1577 11003
1578 10870
1579 10949
1580 10970
1581 10978
1582 10967
1583 10984
1584 11014
1585 10974
1586 11005
1587 11031
1588 11022
1589 11029
1590 10983
1591 10993
1592 10879
1593 10933
1594 10871
1595 10978
1596 10891
1597 10919
1598 10959
1599 10951
1600 11007
1601 11055
1602 11045
1603 11045
1604 11052
1605 11119
1606 11030
1607 11060
1608 11052
1609 11081
1610 11059
1611 11073
1612 11122
1613 11057
1614 11039
1615 11073
1616 11079
1617 11110
1618 11061
1619 11074
1620 10897
1621 10586
1622 10573
1623 10538
1624 10559
1625 10524
1626 10721
1627 11059
1628 11038
1629 11105
1630 11073
1631 11007
1632 11057
1633 11038
1634 11044
1635 11031
1636 11037
1637 11040
1638 11038
1639 11014
1640 11028
1641 11013
1642 11005
1643 11012
1644 11084
1645 11029
1646 11063
1647 10983
1648 11028
1649 11000
1650 11032
1651 11055
1652 11036
1653 11016
1654 11028
1655 11002
1656 10526
1657 10550
1658 11005
1659 10948
1660 10964
1661 10981
1662 11024
1663 10917
1664 10493
1665 10521
1666 10518
1667 10502
1668 10478
1669 10415
1670 10503
1671 10475
1672 10532
1673 10483
1674 10511
1675 10520
1676 10449
1677 10447
1678 10501
1679 10500
1680 10469
1681 10469
1682 10526
1683 10979
1684 10963
1685 10938
1686 10978
1687 10946
1688 10882
1689 11009
1690 10997
1691 10976
1692 10965
1693 11024
1694 10985
1695 10974
1696 10987
1697 10918
1698 10961
1699 10991
1700 11016
1701 10979
1702 10421
1703 10948
1704 10955
1705 10987
1706 11005
1707 10987
1708 11028
1709 10998
1710 11006
1711 10988
1712 11007
1713 10989
1714 11052
1715 11028
1716 11019
1717 10995
1718 11032
1719 11000
1720 11060
1721 11019
1722 11009
1723 10976
1724 11036
1725 10995
1726 11038
1727 11014
1728 11008
1729 11023
1730 11014
1731 10832
1732 10846
1733 10782
1734 10820
1735 10593
1736 10574
1737 10564
1738 10538
1739 10461
1740 10485
1741 10587
1742 10553
1743 10505
1744 10532
1745 10475
1746 10533
1747 10469
1748 10525
1749 10470
1750 10536
1751 10533
1752 10500
1753 10410
1754 10777
1755 10798
1756 10788
1757 10728
1758 10723
1759 10799
1760 10814
1761 10750
1762 10785
1763 10762
1764 10779
1765 10763
1766 10737
1767 10808
1768 10687
1769 10756
1770 10569
1771 10808
1772 10728
1773 10731
1774 10384
1775 10685
1776 10736
1777 10752
1778 10739
1779 10748
1780 10762
1781 10762
1782 10781
1783 10737
1784 10780
1785 10786
1786 10782
1787 10770
1788 10666
1789 10788
1790 10805
1791 10819
1792 10767
1793 10827
1794 10786
1795 10836
1796 10827
1797 10833
1798 10804
1799 10805
1800 10858
1801 10810
1802 10787
1803 10800
1804 10773
1805 10835
1806 10787
1807 10849
1808 10841
1809 10835
1810 10827
1811 10836
1812 10838
1813 10829
1814 10854
1815 10840
1816 10788
1817 10876
1818 10796
1819 10804
1820 10779
1821 10819
1822 10794
1823 10848
1824 10761
1825 10857
1826 10806
1827 10033
1828 10834
1829 10853
1830 10815
1831 10829
1832 10851
1833 10853
1834 10844
1835 10746
1836 2
1837 10756
1838 10807
1839 10845
1840 10861
1841 10764
1842 10720
1843 10822
1844 10812
1845 10873
1846 10836
1847 10823
1848 10893
1849 10833
1850 10837
1851 10821
1852 6505
1853 9755
1854 10790
1855 10726
1856 10760
1857 10755
1858 10776
1859 10785
1860 10783
1861 10772
1862 10759
1863 10788
1864 10786
1865 10813
1866 10829
1867 10833
1868 10762
1869 10810
1870 10759
1871 10747
1872 10758
1873 10768
1874 10766
1875 10801
1876 10775
1877 10783
1878 10838
1879 10759
1880 10854
1881 10790
1882 10821
1883 10798
1884 10839
1885 10754
1886 10837
1887 10817
1888 10824
1889 10873
1890 10784
1891 10782
1892 10809
1893 10818
1894 10806
1895 10790
1896 10731
1897 10809
1898 10812
1899 10846
1900 10806
1901 10846
1902 10804
1903 10835
1904 10802
1905 10798
1906 10778
1907 10775
1908 10844
1909 10847
1910 10763
1911 10809
1912 10825
1913 10811
1914 10775
1915 10806
1916 10825
1917 10823
1918 10821
1919 10819
1920 10705
1921 10804
1922 10830
1923 10816
1924 10808
1925 10811
1926 10805
1927 10799
1928 10796
1929 10783
1930 10778
1931 10846
1932 10864
1933 10829
1934 10835
1935 10846
1936 10836
1937 10854
1938 10815
1939 10816
1940 10816
1941 10811
1942 10778
1943 10828
1944 10807
1945 10811
1946 10772
1947 10811
1948 10786
1949 10792
1950 10808
1951 10812
1952 10815
1953 10792
1954 10745
1955 10768
1956 10734
1957 10762
1958 10730
1959 10769
1960 10777
1961 10754
1962 10730
1963 10743
1964 10755
1965 10720
1966 10723
1967 10772
1968 10733
1969 10729
1970 10744
1971 10753
1972 10761
1973 10779
1974 10711
1975 10781
1976 10767
1977 10819
1978 10828
1979 10810
1980 10816
1981 10793
1982 10815
1983 10781
1984 10828
1985 10820
1986 10801
1987 10835
1988 10852
1989 10846
1990 10865
1991 10877
1992 10851
1993 10883
1994 10850
1995 10881
1996 10851
1997 10946
1998 10836
1999 10895
2000 10845
2001 10870
2002 10820
2003 10862
2004 10849
2005 10911
2006 10781
2007 8841
2008 10674
2009 9450
2010 9382
2011 10837
2012 10826
2013 10886
2014 10864
2015 10889
2016 10817
2017 10896
2018 10886
2019 10924
2020 10867
2021 10957
2022 10875
2023 10850
2024 10901
2025 10896
2026 10871
2027 10883
2028 10877
2029 10913
2030 10906
2031 10877
2032 10893
2033 10873
2034 10869
2035 10905
2036 10911
2037 10923
2038 10882
2039 10922
2040 10855
2041 10908
2042 10901
2043 10884
2044 10927
2045 10842
2046 10875
2047 10847
2048 10837
2049 3256
2050 6135
2051 2
2052 9956
2053 10826
2054 10829
2055 10825
2056 10761
2057 10767
2058 10752
2059 10835
2060 10793
2061 10826
2062 10811
2063 10806
2064 10784
2065 10810
2066 10839
2067 10769
2068 10831
2069 10817
2070 10910
2071 10867
2072 10785
2073 10843
2074 10858
2075 10853
2076 10865
2077 10862
2078 10829
2079 10864
2080 10826
2081 10859
2082 10885
2083 8639
2084 10764
2085 10737
2086 10789
2087 10801
2088 10796
2089 10803
2090 10787
2091 10788
2092 10829
2093 10845
2094 10815
2095 10890
2096 10781
2097 10836
2098 10877
2099 10891
2100 10848
2101 10825
2102 10930
2103 10894
2104 10903
2105 10884
2106 10895
2107 10924
2108 10957
2109 10863
2110 10986
2111 10865
2112 10959
2113 10903
2114 10863
2115 10864
2116 10868
2117 10947
2118 10895
2119 10955
2120 11052
2121 11134
2122 11091
2123 11094
2124 11073
2125 11068
2126 11089
2127 11116
2128 11066
2129 11085
2130 11092
2131 11132
2132 11055
2133 11108
2134 11064
2135 11099
2136 11057
2137 11095
2138 11112
2139 11054
2140 11049
2141 11044
2142 11039
2143 11062
2144 11056
2145 11036
2146 11044
2147 10987
2148 11057
2149 11049
2150 11046
2151 11087
2152 11095
2153 11062
2154 11039
2155 11092
2156 11029
2157 11013
2158 11009
2159 11037
2160 11068
2161 11030
2162 11052
2163 11026
2164 11030
2165 11017
2166 10989
2167 10981
2168 10978
2169 11001
2170 11040
2171 11000
2172 11012
2173 11012
2174 11038
2175 11048
2176 11040
2177 11046
2178 11021
2179 11083
2180 11054
2181 10990
2182 11031
2183 11050
2184 11033
2185 11053
2186 11067
2187 11098
2188 11042
2189 11033
2190 11065
2191 11026
2192 11044
2193 11009
2194 11039
2195 11034
2196 11062
2197 11050
2198 11040
2199 11111
2200 11051
2201 11017
2202 10992
2203 11060
2204 11066
2205 11012
2206 11010
2207 11078
2208 11071
2209 11083
2210 11060
2211 11047
2212 11102
2213 11074
2214 11052
2215 11090
2216 11069
2217 11076
2218 11066
2219 11088
2220 11101
2221 11060
2222 11060
2223 11103
2224 11122
2225 11059
2226 11086
2227 11048
2228 11037
2229 11083
2230 11077
2231 11078
2232 11093
2233 11024
2234 11055
2235 11048
2236 11050
2237 11050
2238 11025
2239 10984
2240 11045
2241 11023
2242 11089
2243 11011
2244 11037
2245 11015
2246 11066
2247 11035
2248 11071
2249 11029
2250 11063
2251 11029
2252 11046
2253 10950
2254 11021
2255 11043
2256 11045
2257 11014
2258 11020
2259 11030
2260 11004
2261 10993
2262 10965
2263 11025
2264 11039
2265 11013
2266 11006
2267 11042
2268 10981
2269 10961
2270 10997
2271 11030
2272 11007
2273 11031
2274 11049
2275 11008
2276 11037
2277 11073
2278 11013
2279 11023
2280 11037
2281 11040
2282 11045
2283 11059
2284 10995
2285 11033
2286 11077
2287 11054
2288 11037
2289 11053
2290 11054
2291 10994
2292 10972
2293 11000
2294 10988
2295 11040
2296 11003
2297 11059
2298 11040
2299 11024
2300 11013
2301 11032
2302 11047
2303 11034
2304 11110
2305 11007
2306 11016
2307 11053
2308 11008
2309 11076
2310 11047
2311 11036
2312 11074
2313 10980
2314 11002
2315 11052
2316 11048
2317 11078
2318 11049
2319 11008
2320 11074
2321 11062
2322 11052
2323 11013
2324 11028
2325 11006
2326 11020
2327 11016
2328 11040
2329 11033
2330 10993
2331 11042
2332 11061
2333 11042
2334 10989
2335 11032
2336 10979
2337 10998
2338 10979
2339 10964
2340 11004
2341 10992
2342 10316
2343 10968
2344 10990
2345 10946
2346 10980
2347 11000
2348 10977
2349 10962
2350 9487
2351 10992
2352 11009
2353 11010
2354 10975
2355 11032
2356 10979
2357 10998
2358 10949
2359 11052
2360 11021
2361 11037
2362 11059
2363 7922
2364 11030
2365 10953
2366 10992
2367 10997
2368 11043
2369 11004
2370 11014
2371 11005
2372 11019
2373 10995
2374 10453
2375 10983
2376 11027
2377 11011
2378 11031
2379 11015
2380 10992
2381 10988
2382 11008
2383 11007
2384 11027
2385 10982
2386 11012
2387 11017
2388 11022
2389 11046
2390 11013
2391 10996
2392 11030
2393 10961
2394 11034
2395 201
2396 2
2397 2
2398 5767
2399 10878
2400 4053
2401 16
2402 2
2403 10967
2404 11033
2405 11064
2406 11018
2407 11003
2408 10979
2409 10987
2410 10989
2411 11050
2412 11011
2413 11037
2414 11049
2415 11017
2416 11022
2417 11038
2418 11018
2419 10983
2420 11001
2421 11010
2422 11025
2423 11005
2424 10985
2425 10959
2426 10950
2427 10972
2428 10949
2429 10958
2430 10965
2431 10954
2432 10928
2433 10935
2434 10924
2435 10931
2436 10992
2437 10953
2438 10967
2439 10992
2440 10917
2441 10953
2442 10951
2443 10983
2444 11015
2445 10970
2446 11047
2447 10966
2448 10933
2449 10981
2450 11040
2451 10970
2452 10984
2453 10937
2454 10910
2455 10886
2456 10865
2457 10950
2458 10883
2459 11020
2460 10948
2461 10990
2462 10943
2463 10947
2464 10950
2465 10971
2466 10996
2467 10949
2468 10976
2469 10890
2470 10996
2471 10896
2472 10924
2473 10953
2474 10884
2475 10905
2476 10904
2477 10972
2478 10990
2479 10909
2480 10952
2481 10941
2482 10912
2483 10913
2484 10946
2485 10935
2486 10930
2487 10965
2488 10969
2489 11011
2490 10900
2491 10963
2492 10968
2493 10925
2494 10934
2495 10900
2496 10930
2497 10943
2498 10920
2499 10931
2500 10880
2501 10933
2502 10925
2503 10984
2504 10955
2505 10913
2506 10932
2507 10895
2508 10901
2509 10928
2510 10906
2511 10933
2512 10973
2513 10964
2514 10949
2515 10962
2516 10913
2517 10956
2518 10917
2519 10914
2520 10888
2521 10885
2522 10947
2523 10905
2524 10959
2525 10950
2526 10962
2527 10928
2528 10924
2529 10904
2530 10873
2531 10816
2532 10891
2533 10887
2534 10985
2535 10964
2536 10918
2537 10923
2538 10941
2539 10959
2540 10972
2541 10936
2542 10919
2543 10933
2544 10906
2545 10903
2546 10864
2547 10962
2548 10964
2549 10923
2550 10903
2551 10965
2552 10934
2553 10949
2554 10883
2555 10927
2556 10936
2557 10927
2558 10949
2559 10934
2560 10929
2561 10920
2562 10897
2563 10953
2564 10939
2565 10947
2566 10925
2567 10915
2568 10924
2569 10930
2570 10938
2571 10978
2572 10957
2573 10917
2574 10958
2575 10965
2576 10984
2577 10978
2578 10914
2579 10960
2580 10991
2581 10945
2582 10984
2583 10988
2584 10950
2585 10915
2586 10936
2587 10939
2588 10923
2589 10943
2590 10949
2591 10925
2592 10983
2593 10907
2594 10952
2595 10961
2596 10884
2597 10957
2598 10963
2599 10974
2600 10975
2601 10998
2602 10958
2603 10934
2604 11008
2605 10941
2606 10972
2607 10986
2608 11019
2609 10960
2610 10966
2611 10946
2612 11001
2613 10975
2614 10946
2615 10966
2616 10996
2617 10917
2618 10944
2619 10986
2620 10976
2621 10951
2622 10971
2623 10936
2624 10948
2625 10954
2626 10901
2627 10951
2628 2
2629 2
2630 2
2631 2
2632 2
2633 2
2634 60
2635 10878
2636 10906
2637 10904
2638 10908
2639 10886
2640 10867
2641 10905
2642 10873
2643 10878
2644 10880
2645 10911
2646 10885
2647 10843
2648 10864
2649 10859
2650 10951
2651 10919
2652 10904
2653 10873
2654 10879
2655 10895
2656 10884
2657 10909
2658 10912
2659 10903
2660 10926
2661 10980
2662 9711
2663 10946
2664 10961
2665 10934
2666 10906
2667 10922
2668 10955
2669 10942
2670 10917
2671 10898
2672 10973
2673 10972
2674 10943
2675 10962
2676 10929
2677 10969
2678 10930
2679 10982
2680 10973
2681 10859
2682 10896
2683 10880
2684 10869
2685 10924
2686 10911
2687 10869
2688 10924
2689 10887
2690 10858
2691 10844
2692 10875
2693 10956
2694 10934
2695 10878
2696 10943
2697 10866
2698 10920
2699 10903
2700 10923
2701 10903
2702 10941
2703 10873
2704 10920
2705 10896
2706 10896
2707 10882
2708 10892
2709 10907
2710 10940
2711 10922
2712 10913
2713 10888
2714 10951
2715 10980
2716 10932
2717 10866
2718 8882
2719 10980
2720 10894
2721 10900
2722 10901
2723 10903
2724 10930
2725 10916
2726 10965
2727 10947
2728 10928
2729 10941
2730 10937
2731 10897
2732 10948
2733 10884
2734 10924
2735 10930
2736 10921
2737 10969
2738 10939
2739 10950
2740 10915
2741 10888
2742 10957
2743 10916
2744 10890
2745 10889
2746 10924
2747 10924
2748 10977
2749 10899
2750 10941
2751 10931
2752 11065
2753 11068
2754 11016
2755 10984
2756 11032
2757 11002
2758 10999
2759 10918
2760 11009
2761 10929
2762 10993
2763 10937
2764 10854
2765 10947
2766 10949
2767 10889
2768 10910
2769 10940
2770 10950
2771 10959
2772 10974
2773 10929
2774 10929
2775 10971
2776 10917
2777 10936
2778 10952
2779 10933
2780 10943
2781 11018
2782 11055
2783 11023
2784 11008
2785 11022
2786 11014
2787 10965
2788 11010
2789 10995
2790 11013
2791 11043
2792 11035
2793 11028
2794 11059
2795 11017
2796 10993
2797 11041
2798 11031
2799 11005
2800 11013
2801 11010
2802 11034
2803 11000
2804 11042
2805 10991
2806 11029
2807 11077
2808 11014
2809 10975
2810 10992
2811 11006
2812 11031
2813 11020
2814 10981
2815 10963
2816 11008
2817 10999
2818 10946
2819 10975
2820 10970
2821 10947
2822 11003
2823 10915
2824 10926
2825 10910
2826 10920
2827 10934
2828 10913
2829 10986
2830 10986
2831 10889
2832 10967
2833 11017
2834 10866
2835 10933
2836 10953
2837 10892
2838 10917
2839 10962
2840 10933
2841 10928
2842 10963
2843 11004
2844 10974
2845 10963
2846 10952
2847 10979
2848 10998
2849 10942
2850 10873
2851 10982
2852 10769
2853 11019
2854 11029
2855 10960
2856 10918
2857 10986
2858 10977
2859 10994
2860 10985
2861 11026
2862 10986
2863 10993
2864 10971
2865 10977
2866 10970
2867 10969
2868 10939
2869 10910
2870 10952
2871 10997
2872 10973
2873 10943
2874 11004
2875 10997
2876 10963
2877 10983
2878 11003
2879 10960
2880 10917
2881 10917
2882 10954
2883 10889
2884 10947
2885 11002
2886 10982
2887 10955
2888 10964
2889 10981
2890 10988
2891 10963
2892 11001
2893 10968
2894 11012
2895 10967
2896 11008
2897 11025
2898 10995
2899 10955
2900 10951
2901 11001
2902 11021
2903 10953
2904 11006
2905 11008
2906 11020
2907 11003
2908 11002
2909 11015
2910 11029
2911 10976
2912 10955
2913 10950
2914 10942
2915 10907
2916 10918
2917 10942
2918 10931
2919 10912
2920 10892
2921 10893
2922 10955
2923 10939
2924 10940
2925 10968
2926 10959
2927 10941
2928 10921
2929 10937
2930 10942
2931 10908
2932 10973
2933 10920
2934 10927
2935 10904
2936 10919
2937 10909
2938 10940
2939 10947
2940 10946
2941 10903
2942 10862
2943 10896
2944 10935
2945 10872
2946 10929
2947 10895
2948 10844
2949 10918
2950 10945
2951 10924
2952 10398
2953 10972
2954 10955
2955 10984
2956 10930
2957 10953
2958 10908
2959 10978
2960 10920
2961 10982
2962 10982
2963 10961
2964 10945
2965 10964
2966 10981
2967 10920
2968 10966
2969 11005
2970 10977
2971 10970
2972 10963
2973 10996
2974 11004
2975 11023
2976 10991
2977 10995
2978 10966
2979 10988
2980 10973
2981 10974
2982 10969
2983 10983
2984 10968
2985 10967
2986 10976
2987 11024
2988 10995
2989 11021
2990 11012
2991 11005
2992 11011
2993 11010
2994 10969
2995 11007
2996 10991
2997 11013
2998 11003
2999 11010
3000 10985
3001 10948
3002 10975
3003 11053
3004 10988
3005 11010
3006 11001
3007 11037
3008 10961
3009 10952
3010 10951
3011 11007
3012 10907
3013 10990
3014 10962
3015 10939
3016 10945
3017 10979
3018 10963
3019 10932
3020 10896
3021 10931
3022 10938
3023 10967
3024 10919
3025 10918
3026 10930
3027 10979
3028 10928
3029 10949
3030 10950
3031 10976
3032 10952
3033 10996
3034 10939
3035 11004
3036 10936
3037 11011
3038 10949
3039 10971
3040 10938
3041 10904
3042 10956
3043 10972
3044 10976
3045 10975
3046 10976
3047 10940
3048 10946
3049 10995
3050 10975
3051 10971
3052 11023
3053 11041
3054 11008
3055 10948
3056 10971
3057 10984
3058 10970
3059 10984
3060 10979
3061 10979
3062 10976
3063 10995
3064 10979
3065 10983
3066 10943
3067 10993
3068 10969
3069 11032
3070 10983
3071 11011
3072 10974
3073 10983
3074 10967
3075 10972
3076 10985
3077 10947
3078 10951
3079 10977
3080 10978
3081 10981
3082 10989
3083 11015
3084 10980
3085 10966
3086 11033
3087 10975
3088 10996
3089 11013
3090 11031
3091 11010
3092 10961
3093 10977
3094 11039
3095 11003
3096 10983
3097 10966
3098 10996
3099 10984
3100 11036
3101 11000
3102 10948
3103 10996
3104 10981
3105 11008
3106 11006
3107 11025
3108 10905
3109 10950
3110 10974
3111 10920
3112 10967
3113 10946
3114 10938
3115 10959
3116 10978
3117 10927
3118 10905
3119 10936
3120 10907
3121 10944
3122 10957
3123 10952
3124 10952
3125 10962
3126 10960
3127 10961
3128 10722
3129 10918
3130 10964
3131 10984
3132 10968
3133 10992
3134 10957
3135 10941
3136 10932
3137 10952
3138 10988
3139 10978
3140 10965
3141 10979
3142 10974
3143 10970
3144 10959
3145 11001
3146 10978
3147 10973
3148 11005
3149 10972
3150 10958
3151 10931
3152 10966
3153 10949
3154 10948
3155 10969
3156 10963
3157 10950
3158 11023
3159 10951
3160 10922
3161 10992
3162 10960
3163 10940
3164 10966
3165 10961
3166 10977
3167 10955
3168 10978
3169 10923
3170 10953
3171 11001
3172 10983
3173 10935
3174 10945
3175 10991
3176 10971
3177 10967
3178 10969
3179 10976
3180 11007
3181 10966
3182 11030
3183 10994
3184 10964
3185 10962
3186 10953
3187 11003
3188 10995
3189 10980
3190 11009
3191 10955
3192 10929
3193 10963
3194 10982
3195 11001
3196 10971
3197 10972
3198 10981
3199 10972
3200 10996
3201 11018
3202 10950
3203 10959
3204 10995
3205 10963
3206 10992
3207 10983
3208 10960
3209 10958
3210 10986
3211 10961
3212 10988
3213 10938
3214 10939
3215 11010
3216 10947
3217 10933
3218 10923
3219 10953
3220 10937
3221 10926
3222 10921
3223 10916
3224 10945
3225 10940
3226 10914
3227 10905
3228 10880
3229 10947
3230 10847
3231 10963
3232 10917
3233 10915
3234 10893
3235 10903
3236 10885
3237 10911
3238 10969
3239 10919
3240 10905
3241 10697
3242 10931
3243 10881
3244 10945
3245 10904
3246 10886
3247 10797
3248 10931
3249 10647
3250 10884
3251 10849
3252 10910
3253 10875
3254 10636
3255 10877
3256 10926
3257 10773
3258 10944
3259 10911
3260 10953
3261 10962
3262 10991
3263 10901
3264 10916
3265 10906
3266 10936
3267 10966
3268 10937
3269 10957
3270 10928
3271 10946
3272 10957
3273 10914
3274 10942
3275 10934
3276 10965
3277 10991
3278 10950
3279 10948
3280 10980
3281 10983
3282 10940
3283 10932
3284 10989
3285 10974
3286 11004
3287 11010
3288 10997
3289 10951
3290 10972
3291 10977
3292 11000
3293 10983
3294 10943
3295 10986
3296 10966
3297 10974
3298 10969
3299 10952
3300 10946
3301 10992
3302 10973
3303 10976
3304 10952
3305 10923
3306 10972
3307 10967
3308 11004
3309 10968
3310 10981
3311 10934
3312 10960
3313 10965
3314 10966
3315 10936
3316 10945
3317 10965
3318 10968
3319 10924
3320 10954
3321 11001
3322 10975
3323 10982
3324 10973
3325 10990
3326 10962
3327 10931
3328 10999
3329 10965
3330 10955
3331 10928
3332 10955
3333 10966
3334 10945
3335 10950
3336 10905
3337 10981
3338 10864
3339 10969
3340 10940
3341 10960
3342 10985
3343 10957
3344 10969
3345 10989
3346 10999
3347 10953
3348 10972
3349 10988
3350 10944
3351 10941
3352 10984
3353 10958
3354 10983
3355 10949
3356 10970
3357 10961
3358 10961
3359 10973
3360 10984
3361 10978
3362 10976
3363 10968
3364 10987
3365 10959
3366 10955
3367 10976
3368 10968
3369 10990
3370 11003
3371 10938
3372 10990
3373 11002
3374 10978
3375 10985
3376 10986
3377 10955
3378 11032
3379 10938
3380 11014
3381 11004
3382 11053
3383 11012
3384 11058
3385 10989
3386 11034
3387 10995
3388 11021
3389 11009
3390 11100
3391 11100
3392 11066
3393 11017
3394 10995
3395 11023
3396 11014
3397 11016
3398 11054
3399 11031
3400 11031
3401 11006
3402 11151
3403 11089
3404 11113
3405 11075
3406 11159
3407 11048
3408 11036
3409 11027
3410 11010
3411 11032
3412 11000
3413 11017
3414 11017
3415 11010
3416 11001
3417 10999
3418 11005
3419 10983
3420 11008
3421 11006
3422 11019
3423 11032
3424 11026
3425 11020
3426 11046
3427 10992
3428 11014
3429 10969
3430 11001
3431 10995
3432 10998
3433 11022
3434 11037
3435 11042
3436 11024
3437 11013
3438 11078
3439 11009
3440 11034
3441 11004
3442 11004
3443 11023
3444 11047
3445 10990
3446 10993
3447 11033
3448 11053
3449 11073
3450 11045
3451 11040
3452 11002
3453 11016
3454 11051
3455 11037
3456 11068
3457 11044
3458 11032
3459 11031
3460 11030
3461 11006
3462 11040
3463 11033
3464 11053
3465 11034
3466 11046
3467 11008
3468 11041
3469 11087
3470 11084
3471 11027
3472 11062
3473 11060
3474 11073
3475 11058
3476 11012
3477 10999
3478 10991
3479 11051
3480 11026
3481 11055
3482 11042
3483 11024
3484 10997
3485 11012
3486 11038
3487 11019
3488 11047
3489 11062
3490 11047
3491 11066
3492 11009
3493 11035
3494 11058
3495 11057
3496 11068
3497 11067
3498 11085
3499 11060
3500 11069
3501 11063
3502 11071
3503 11104
3504 11037
3505 10985
3506 11013
3507 11054
3508 11036
3509 11028
3510 11035
3511 11045
3512 11002
3513 11002
3514 11029
3515 10964
3516 11044
3517 10987
3518 11033
3519 11004
3520 10983
3521 11030
3522 11038
3523 11075
3524 11029
3525 10968
3526 11014
3527 11002
3528 10990
3529 11045
3530 11014
3531 11023
3532 10992
3533 11012
3534 11068
3535 11067
3536 11076
3537 11073
3538 11062
3539 11039
3540 11057
3541 11033
3542 11006
3543 11040
3544 11004
3545 11035
3546 11036
3547 11027
3548 11052
3549 11058
3550 11008
3551 11033
3552 11058
3553 11072
3554 11009
3555 11058
3556 11034
3557 11086
3558 11028
3559 11014
3560 11005
3561 11044
3562 11055
3563 11044
3564 11038
3565 11076
3566 11056
3567 11023
3568 11058
3569 11052
3570 11056
3571 11082
3572 11098
3573 11099
3574 11065
3575 11058
3576 11018
3577 11081
3578 11105
3579 11069
3580 11061
3581 11070
3582 11047
3583 11078
3584 11032
3585 11076
3586 11057
3587 11044
3588 11067
3589 11041
3590 11044
3591 11030
3592 11047
3593 11065
3594 11093
3595 11069
3596 11114
3597 11062
3598 11019
3599 10999
3600 10978
3601 10971
3602 11033
3603 11040
3604 11043
3605 11030
3606 10991
3607 11008
3608 10994
3609 11024
3610 10996
3611 11010
3612 10981
3613 10994
3614 11024
3615 11017
3616 11034
3617 11038
3618 11029
3619 11019
3620 11009
3621 11048
3622 11007
3623 11000
3624 10992
3625 11001
3626 10991
3627 11004
3628 10996
3629 11027
3630 11031
3631 11007
3632 11023
3633 11044
3634 11024
3635 11056
3636 11044
3637 11064
3638 11067
3639 11040
3640 11047
3641 11086
3642 11094
3643 11069
3644 11021
3645 11019
3646 11058
3647 11062
3648 11026
3649 11006
3650 11027
3651 11063
3652 11075
3653 11068
3654 11092
3655 11076
3656 11051
3657 11080
3658 11045
3659 11080
3660 11103
3661 11099
3662 11072
3663 11096
3664 10993
3665 10940
3666 11059
3667 11103
3668 10958
3669 10923
3670 11087
3671 11071
3672 11055
3673 11099
3674 11069
3675 11041
3676 10562
3677 10598
3678 10599
3679 11063
3680 11090
3681 11034
3682 11068
3683 11076
3684 11065
3685 11041
3686 11051
3687 11088
3688 11075
3689 11123
3690 11059
3691 11083
3692 11067
3693 11039
3694 11057
3695 11009
3696 11073
3697 11028
3698 11023
3699 11022
3700 10996
3701 10998
3702 11004
3703 11059
3704 11072
3705 11079
3706 11073
3707 11055
3708 11048
3709 11039
3710 11015
3711 10993
3712 10979
3713 10945
3714 10966
3715 11025
3716 10990
3717 10957
3718 10968
3719 11020
3720 11006
3721 11000
3722 11035
3723 11009
3724 11023
3725 11044
3726 11015
3727 11044
3728 11042
3729 11043
3730 11019
3731 10937
3732 11032
3733 11074
3734 11059
3735 11066
3736 11074
3737 11094
3738 11059
3739 11080
3740 11032
3741 11056
3742 11044
3743 11046
3744 11032
3745 11041
3746 11039
3747 11048
3748 11038
3749 11060
3750 10991
3751 11009
3752 10994
3753 11001
3754 10975
3755 11003
3756 10999
3757 10947
3758 11045
3759 10979
3760 10993
3761 11011
3762 10991
3763 11039
3764 11010
3765 11014
3766 11021
3767 11015
3768 11011
3769 11056
3770 11004
3771 10985
3772 11000
3773 10966
3774 10960
3775 11005
3776 11031
3777 11010
3778 10996
3779 11054
3780 10984
3781 11022
3782 11058
3783 11027
3784 11021
3785 11058
3786 11047
3787 11076
3788 11001
3789 11060
3790 11003
3791 11092
3792 11052
3793 11065
3794 11057
3795 11030
3796 11059
3797 11089
3798 11036
3799 11030
3800 11049
3801 11047
3802 11016
3803 11000
3804 11030
3805 11040
3806 10991
3807 11011
3808 11020
3809 11019
3810 10999
3811 11036
3812 11024
3813 11020
3814 11008
3815 10978
3816 11033
3817 11000
3818 11001
3819 11050
3820 10990
3821 11050
3822 11044
3823 11025
3824 10992
3825 11001
3826 11046
3827 10724
3828 10988
3829 11022
3830 10984
3831 11002
3832 10983
3833 10991
3834 10974
3835 11024
3836 11028
3837 10984
3838 10979
3839 10986
3840 10997
3841 10932
3842 10969
3843 10974
3844 10930
3845 10972
3846 10925
3847 10955
3848 10926
3849 11032
3850 10939
3851 10958
3852 10963
3853 10962
3854 10947
3855 10964
3856 10990
3857 10997
3858 10959
3859 10968
3860 11003
3861 11021
3862 10996
3863 11005
3864 10965
3865 10972
3866 10973
3867 10934
3868 10951
3869 10951
3870 10968
3871 10963
3872 11017
3873 10978
3874 10920
3875 10965
3876 10977
3877 10946
3878 10960
3879 10979
3880 10947
3881 10992
3882 10924
3883 10988
3884 10936
3885 10944
3886 10941
3887 10875
3888 10943
3889 10910
3890 10903
3891 10959
3892 10933
3893 10917
3894 10941
3895 10933
3896 10916
3897 10896
3898 10913
3899 10910
3900 10893
3901 10888
3902 10849
3903 10877
3904 10902
3905 10894
3906 10872
3907 10911
3908 10873
3909 10879
3910 10843
3911 10830
3912 10841
3913 10900
3914 10893
3915 10890
3916 10878
3917 10895
3918 10880
3919 10855
3920 10868
3921 10899
3922 10894
3923 10881
3924 10838
3925 10867
3926 10869
3927 10867
3928 10873
3929 10938
3930 10929
3931 10951
3932 10892
3933 10991
3934 10928
3935 10978
3936 10996
3937 10956
3938 10942
3939 10989
3940 10982
3941 10979
3942 11020
3943 10960
3944 11002
3945 10989
3946 11000
3947 11027
3948 10994
3949 10989
3950 10949
3951 10993
3952 10987
3953 11015
3954 11014
3955 11017
3956 11020
3957 10924
3958 10965
3959 11001
3960 10999
3961 10999
3962 10950
3963 11042
3964 11006
3965 11018
3966 11008
3967 11021
3968 10985
3969 11010
3970 11000
3971 11030
3972 10977
3973 10987
3974 11023
3975 11054
3976 11019
3977 11021
3978 10986
3979 11054
3980 11013
3981 11036
3982 11039
3983 11012
3984 11013
3985 11018
3986 11002
3987 11015
3988 10955
3989 11015
3990 10982
3991 10954
3992 10950
3993 10946
3994 10924
3995 10956
3996 10977
3997 10992
3998 10936
3999 11008
4000 10959
4001 10967
4002 10969
4003 10994
4004 10923
4005 10978
4006 10889
4007 10975
4008 10960
4009 10945
4010 10962
4011 10979
4012 10965
4013 11004
4014 10956
4015 11025
4016 10943
4017 11021
4018 10987
4019 10948
4020 10967
4021 10997
4022 10958
4023 11013
4024 10962
4025 10984
4026 10966
4027 11012
4028 10973
4029 10977
4030 10941
4031 10979
4032 10966
4033 10995
4034 10975
4035 10961
4036 10937
4037 10938
4038 10961
4039 10985
4040 10916
4041 10958
4042 10950
4043 10939
4044 10954
4045 10994
4046 10965
4047 10968
4048 10950
4049 10988
4050 10950
4051 10958
4052 10948
4053 10970
4054 10936
4055 10967
4056 10944
4057 10939
4058 10911
4059 10966
4060 10937
4061 10994
4062 10978
4063 10976
4064 10955
4065 10996
4066 11004
4067 10962
4068 10976
4069 10995
4070 10968
4071 11001
4072 10968
4073 10946
4074 10980
4075 10986
4076 10933
4077 10976
4078 11000
4079 11024
4080 10998
4081 10980
4082 10985
4083 11002
4084 10991
4085 11010
4086 10928
4087 10976
4088 10950
4089 11014
4090 10964
4091 10988
4092 10983
4093 10988
4094 11001
4095 10962
4096 10945
4097 11008
4098 10952
4099 10979
4100 10986
4101 10939
4102 10961
4103 10975
4104 10935
4105 10937
4106 10946
4107 10914
4108 10973
4109 10917
4110 10978
4111 10960
4112 10962
4113 10956
4114 10910
4115 10925
4116 10882
4117 10930
4118 11009
4119 10982
4120 10984
4121 10966
4122 10951
4123 10959
4124 10938
4125 11040
4126 11041
4127 11022
4128 10947
4129 11031
4130 11020
4131 10941
4132 10949
4133 10980
4134 10960
4135 10571
4136 10960
4137 11005
4138 10985
4139 11001
4140 10951
4141 10996
4142 10943
4143 10999
4144 10984
4145 10982
4146 10999
4147 10989
4148 10980
4149 11020
4150 11039
4151 11009
4152 11000
4153 11008
4154 11004
4155 11018
4156 10999
4157 11043
4158 11012
4159 11040
4160 10985
4161 10989
4162 10987
4163 11007
4164 11001
4165 11021
4166 10959
4167 10970
4168 10985
4169 11018
4170 11007
4171 11006
4172 10979
4173 10966
4174 10982
4175 11000
4176 10983
4177 10989
4178 10998
4179 10989
4180 10965
4181 10988
4182 10975
4183 10975
4184 10979
4185 10993
4186 10956
4187 10937
4188 10979
4189 10949
4190 10889
4191 10877
4192 10926
4193 10957
4194 10978
4195 10975
4196 10988
4197 10989
4198 10978
4199 10980
4200 10972
4201 10952
4202 11008
4203 11001
4204 11012
4205 10956
4206 10941
4207 10990
4208 10996
4209 10948
4210 10972
4211 10925
4212 10998
4213 10953
4214 11003
4215 11002
4216 10986
4217 10978
4218 10996
4219 10954
4220 11003
4221 10976
4222 10972
4223 10942
4224 10969
4225 10964
4226 10930
4227 10946
4228 10951
4229 10961
4230 10958
4231 10949
4232 10971
4233 10932
4234 10960
4235 10924
4236 10953
4237 10952
4238 10968
4239 10947
4240 10908
4241 10986
4242 10893
4243 10904
4244 10873
4245 10925
4246 10961
4247 10946
4248 10956
4249 10983
4250 10949
4251 10900
4252 10901
4253 10936
4254 10965
4255 10954
4256 10951
4257 10956
4258 10977
4259 10962
4260 10949
4261 10890
4262 10932
4263 10939
4264 10946
4265 10960
4266 10954
4267 11000
4268 10964
4269 10948
4270 10959
4271 10925
4272 10954
4273 10955
4274 10912
4275 10980
4276 10958
4277 10969
4278 10958
4279 11008
4280 10934
4281 10963
4282 10941
4283 10935
4284 10945
4285 10956
4286 10998
4287 10973
4288 10912
4289 10967
4290 10968
4291 10967
4292 10990
4293 10984
4294 11010
4295 10971
4296 10945
4297 10963
4298 10974
4299 10975
4300 10972
4301 10952
4302 10961
4303 10955
4304 10957
4305 10930
4306 10984
4307 10975
4308 10945
4309 10982
4310 10981
4311 10937
4312 10973
4313 10986
4314 10960
4315 10984
4316 10979
4317 11002
4318 10907
4319 10962
4320 10976
4321 10988
4322 10977
4323 11013
4324 11008
4325 10942
4326 10911
4327 10954
4328 10952
4329 11001
4330 10981
4331 10965
4332 11006
4333 10984
4334 10992
4335 11000
4336 10954
4337 11002
4338 10961
4339 10963
4340 10912
4341 10967
4342 11016
4343 10994
4344 10924
4345 10961
4346 10988
4347 11019
4348 10970
4349 10970
4350 11019
4351 10991
4352 10970
4353 10979
4354 11015
4355 10999
4356 10977
4357 10967
4358 10974
4359 11016
4360 11028
4361 10986
4362 11016
4363 10989
4364 11009
4365 10976
4366 10986
4367 10993
4368 11019
4369 11021
4370 11031
4371 10997
4372 11017
4373 10989
4374 11001
4375 10993
4376 10987
4377 10920
4378 10942
4379 10947
4380 10951
4381 10970
4382 11010
4383 10982
4384 11026
4385 10007
4386 10957
4387 10992
4388 10990
4389 10964
4390 10957
4391 10955
4392 10963
4393 10975
4394 10941
4395 10952
4396 10950
4397 11002
4398 10988
4399 10972
4400 10998
4401 10975
4402 10983
4403 11014
4404 10977
4405 10982
4406 10959
4407 10976
4408 11007
4409 10993
4410 10980
4411 10981
4412 10974
4413 11009
4414 10944
4415 10985
4416 10975
4417 10981
4418 10945
4419 10962
4420 10945
4421 10932
4422 10970
4423 10911
4424 10936
4425 10895
4426 10933
4427 10931
4428 10907
4429 10978
4430 10972
4431 10963
4432 10978
4433 10979
4434 11006
4435 10988
4436 10958
4437 10973
4438 11022
4439 10972
4440 10968
4441 11026
4442 11005
4443 11000
4444 10995
4445 11009
4446 10961
4447 10968
4448 10966
4449 10934
4450 10977
4451 10972
4452 10987
4453 10997
4454 10969
4455 10986
4456 10965
4457 10997
4458 11016
4459 10936
4460 10992
4461 10971
4462 10978
4463 10940
4464 11011
4465 10995
4466 10978
4467 10990
4468 10995
4469 10969
4470 11033
4471 10990
4472 11015
4473 10986
4474 10925
4475 10934
4476 10984
4477 10982
4478 10977
4479 10960
4480 10997
4481 10986
4482 10956
4483 10946
4484 10974
4485 10917
4486 10933
4487 10979
4488 10996
4489 10950
4490 10952
4491 10931
4492 10935
4493 10954
4494 10188
4495 10974
4496 10979
4497 10984
4498 10898
4499 10916
4500 10914
4501 10912
4502 10941
4503 10968
4504 10953
4505 10976
4506 10972
4507 10940
4508 11001
4509 10967
4510 10965
4511 10945
4512 11024
4513 10990
4514 10998
4515 10970
4516 10983
4517 11040
4518 10920
4519 10949
4520 11000
4521 10937
4522 10896
4523 10950
4524 10923
4525 10936
4526 10943
4527 10990
4528 10951
4529 10946
4530 10973
4531 10960
4532 11004
4533 10923
4534 10957
4535 10910
4536 11009
4537 10969
4538 10989
4539 10970
4540 10990
4541 10997
4542 11006
4543 10981
4544 10961
4545 10990
4546 10929
4547 10983
4548 10959
4549 10980
4550 10989
4551 11001
4552 10961
4553 10959
4554 10954
4555 10955
4556 10941
4557 10980
4558 10915
4559 10934
4560 10937
4561 10941
4562 10998
4563 10946
4564 10932
4565 10897
4566 10948
4567 11002
4568 10951
4569 10977
4570 10936
4571 10825
4572 10977
4573 10991
4574 10936
4575 10982
4576 10738
4577 10942
4578 10974
4579 10992
4580 10982
4581 11014
4582 11013
4583 10876
4584 10981
4585 10931
4586 10334
4587 10989
4588 10937
4589 10943
4590 10952
4591 10954
4592 10976
4593 10950
4594 10982
4595 10945
4596 10965
4597 10955
4598 10954
4599 10908
4600 10953
4601 10926
4602 10935
4603 10919
4604 10954
4605 10944
4606 10943
4607 10951
4608 10963
4609 10940
4610 10908
4611 10928
4612 10999
4613 10948
4614 10963
4615 10934
4616 10924
4617 10894
4618 10953
4619 10937
4620 10909
4621 10911
4622 10962
4623 10994
4624 10977
4625 10853
4626 10888
4627 10937
4628 10896
4629 10904
4630 10937
4631 10930
4632 10954
4633 10949
4634 10900
4635 10915
4636 10893
4637 10913
4638 10940
4639 10946
4640 10861
4641 10921
4642 10922
4643 10928
4644 10990
4645 10964
4646 10985
4647 10947
4648 10938
4649 10910
4650 10947
4651 10930
4652 10926
4653 10940
4654 10932
4655 10987
4656 10931
4657 10967
4658 10992
4659 10937
4660 10911
4661 10984
4662 10931
4663 10919
4664 10934
4665 10944
4666 10944
4667 10956
4668 10914
4669 10968
4670 10933
4671 10956
4672 10939
4673 10936
4674 10933
4675 10981
4676 10894
4677 10914
4678 10932
4679 10961
4680 10879
4681 10891
4682 10901
4683 10908
4684 10878
4685 10897
4686 10879
4687 10895
4688 10902
4689 10900
4690 10911
4691 10930
4692 10915
4693 10883
4694 10945
4695 10873
4696 10849
4697 10885
4698 10883
4699 10908
4700 10919
4701 10882
4702 10886
4703 10896
4704 10905
4705 10916
4706 10913
4707 10836
4708 10858
4709 10880
4710 10874
4711 10905
4712 10910
4713 10871
4714 10865
4715 10897
4716 10880
4717 10865
4718 10884
4719 10894
4720 10916
4721 10890
4722 10930
4723 10907
4724 10919
4725 10895
4726 10904
4727 10922
4728 10900
4729 10940
4730 10970
4731 10898
4732 10908
4733 10931
4734 10946
4735 10947
4736 10951
4737 10924
4738 10962
4739 10921
4740 10934
4741 10972
4742 10932
4743 11001
4744 10966
4745 10963
4746 10939
4747 10933
4748 10909
4749 10957
4750 10966
4751 10927
4752 10948
4753 10895
4754 10866
4755 10937
4756 10922
4757 10929
4758 10956
4759 10979
4760 10940
4761 10907
4762 10910
4763 10904
4764 10902
4765 10880
4766 10745
4767 10791
4768 10787
4769 10781
4770 10908
4771 10872
4772 10872
4773 10908
4774 10896
4775 10894
4776 10931
4777 10901
4778 10894
4779 10887
4780 10911
4781 10876
4782 10892
4783 10910
4784 10906
4785 10867
4786 10891
4787 10915
4788 10905
4789 10907
4790 10916
4791 10907
4792 10851
4793 10893
4794 10889
4795 10888
4796 10910
4797 10888
4798 10858
4799 10926
4800 10893
4801 10955
4802 10962
4803 10918
4804 10962
4805 10911
4806 10888
4807 10921
4808 10914
4809 10922
4810 10980
4811 10942
4812 10864
4813 10566
4814 10567
4815 10716
4816 10950
4817 10974
4818 10846
4819 10971
4820 10961
4821 10945
4822 10920
4823 10949
4824 10950
4825 10929
4826 10945
4827 10896
4828 10950
4829 10924
4830 10959
4831 10971
4832 10936
4833 10936
4834 10915
4835 10834
4836 10900
4837 10924
4838 11006
4839 11009
4840 10975
4841 10927
4842 10926
4843 10979
4844 10960
4845 10922
4846 10921
4847 10967
4848 10947
4849 10970
4850 10965
4851 10980
4852 10961
4853 10967
4854 10946
4855 10960
4856 10947
4857 10975
4858 10914
4859 10921
4860 10929
4861 10916
4862 10931
4863 10948
4864 10933
4865 10877
4866 10892
4867 10922
4868 10943
4869 10942
4870 10882
4871 9902
4872 10964
4873 10918
4874 10926
4875 10927
4876 10902
4877 10955
4878 10899
4879 10921
4880 10902
4881 10909
4882 10883
4883 10956
4884 10885
4885 10909
4886 10894
4887 10952
4888 10881
4889 10990
4890 10946
4891 10842
4892 10916
4893 10680
4894 10832
4895 10941
4896 10953
4897 10961
4898 10956
4899 10958
4900 10981
4901 10946
4902 10931
4903 10960
4904 10528
4905 10964
4906 11001
4907 10969
4908 10975
4909 10939
4910 10981
4911 10977
4912 10998
4913 10967
4914 10945
4915 10919
4916 10981
4917 10934
4918 10953
4919 10973
4920 10913
4921 10978
4922 10993
4923 10964
4924 10993
4925 10953
4926 11025
4927 10963
4928 11012
4929 10992
4930 10955
4931 10993
4932 10984
4933 11011
4934 11000
4935 11046
4936 10988
4937 11005
4938 10979
4939 11007
4940 11015
4941 10997
4942 10990
4943 11044
4944 11036
4945 11043
4946 11018
4947 11038
4948 11045
4949 10978
4950 11016
4951 10962
4952 10976
4953 10966
4954 10970
4955 10980
4956 10923
4957 10954
4958 10935
4959 10963
4960 10958
4961 10975
4962 10897
4963 10920
4964 10946
4965 10934
4966 10966
4967 10986
4968 10928
4969 10888
4970 10925
4971 10963
4972 10821
4973 10927
4974 10932
4975 10905
4976 10863
4977 10752
4978 10787
4979 10815
4980 10952
4981 10966
4982 10925
4983 10851
4984 10874
4985 10944
4986 10926
4987 10884
4988 10774
4989 10979
4990 10744
4991 11018
4992 10763
4993 11016
