# number of nodes per 5 consecutive previous rounds of a radar measurement.
#
# col 0: round
# col 1: number of nodes
5 12399
6 12372
7 12392
8 12343
9 12359
10 12342
11 12411
12 12388
13 12450
14 12452
15 12384
16 12352
17 12325
18 12412
19 12421
20 12476
21 12417
22 12381
23 12411
24 12389
25 12444
26 12323
27 12355
28 12384
29 12390
30 12592
31 12622
32 12675
33 12702
34 12579
35 12524
36 12455
37 12368
38 12423
39 12410
40 12391
41 12362
42 12341
43 12308
44 12333
45 12379
46 12371
47 12352
48 12280
49 12249
50 12375
51 12380
52 12373
53 12399
54 12436
55 12400
56 12351
57 12319
58 12391
59 12398
60 12391
61 12402
62 12351
63 12369
64 12385
65 12395
66 12369
67 12403
68 12426
69 12372
70 12380
71 12370
72 12367
73 12393
74 12362
75 12390
76 12339
77 12380
78 12425
79 12437
80 12483
81 12501
82 12496
83 12412
84 12461
85 12443
86 12440
87 12432
88 12435
89 12424
90 12464
91 12451
92 12458
93 12499
94 12467
95 12450
96 12409
97 12422
98 12405
99 12392
100 12370
101 12407
102 12378
103 12344
104 12365
105 12432
106 12429
107 12436
108 12456
109 12421
110 12460
111 12411
112 12440
113 12429
114 12448
115 12450
116 12434
117 12425
118 12442
119 12476
120 12458
121 12434
122 12396
123 12403
124 12457
125 12431
126 12378
127 12363
128 12328
129 12323
130 12352
131 12327
132 12367
133 12357
134 12387
135 12406
136 12541
137 12552
138 12545
139 12473
140 12377
141 12402
142 12405
143 12428
144 12412
145 12407
146 12389
147 12305
148 12327
149 12335
150 12294
151 12317
152 12294
153 12222
154 12280
155 12318
156 12393
157 12386
158 12386
159 12395
160 12302
161 12349
162 12329
163 12329
164 12417
165 12381
166 12424
167 12373
168 12429
169 12395
170 12427
171 12398
172 12377
173 12373
174 12377
175 12420
176 12403
177 12426
178 12370
179 12392
180 12408
181 12406
182 12384
183 12856
184 12935
185 12892
186 12475
187 12231
188 12229
189 12210
190 12190
191 12207
192 12137
193 12221
194 12230
195 12206
196 12180
197 12173
198 12166
199 12203
200 12184
201 12178
202 12162
203 12098
204 12129
205 12200
206 12157
207 12086
208 12156
209 12196
210 12218
211 12197
212 12218
213 12253
214 12219
215 12757
216 12971
217 13001
218 12906
219 12616
220 12458
221 12446
222 12380
223 12402
224 12393
225 12374
226 12386
227 12380
228 12362
229 12363
230 12376
231 12326
232 12340
233 12325
234 12346
235 12434
236 12439
237 12448
238 12384
239 12315
240 12384
241 12387
242 12423
243 12418
244 12352
245 12287
246 12307
247 12305
248 12319
249 12318
250 12336
251 12361
252 12334
253 12324
254 12318
255 12269
256 12229
257 12332
258 12398
259 12452
260 12421
261 12391
262 12363
263 12316
264 12319
265 12311
266 12290
267 12325
268 12338
269 12323
270 12358
271 12382
272 12370
273 12376
274 12358
275 12344
276 12314
277 12308
278 12343
279 12369
280 12315
281 12402
282 12390
283 12373
284 12371
285 12361
286 12334
287 12336
288 12376
289 12348
290 12317
291 12296
292 12288
293 12254
294 12273
295 12282
296 12285
297 12328
298 12309
299 12332
300 12346
301 12345
302 12357
303 12389
304 12311
305 12337
306 12297
307 12292
308 12304
309 12329
310 12347
311 12366
312 12322
313 12361
314 12396
315 12356
316 12403
317 12378
318 12378
319 12362
320 12374
321 12343
322 12250
323 12260
324 12260
325 12255
326 12316
327 12330
328 12340
329 12385
330 12327
331 12335
332 12285
333 12355
334 12360
335 12375
336 12358
337 12341
338 12268
339 12265
340 12328
341 12335
342 12342
343 12308
344 12308
345 12323
346 12321
347 12252
348 12267
349 12303
350 12285
351 12289
352 12305
353 12307
354 12233
355 12270
356 12346
357 12334
358 12432
359 12449
360 12435
361 12392
362 12389
363 12320
364 12320
365 12344
366 12357
367 12363
368 12309
369 12296
370 12292
371 12316
372 12328
373 12283
374 12332
375 12348
376 12325
377 12375
378 12321
379 12300
380 12290
381 12295
382 12327
383 12313
384 12303
385 12282
386 12255
387 12254
388 12284
389 12270
390 12288
391 12288
392 12343
393 12289
394 12246
395 12307
396 12291
397 12273
398 12248
399 12278
400 12248
401 12245
402 12243
403 12267
404 12289
405 12257
406 12246
407 12310
408 12325
409 12268
410 12327
411 12337
412 12326
413 12354
414 12337
415 12343
416 12383
417 12343
418 12301
419 12334
420 12327
421 12383
422 12367
423 12317
424 12293
425 12309
426 12239
427 12231
428 12286
429 12294
430 12235
431 12201
432 12161
433 12191
434 12187
435 12257
436 12234
437 12246
438 12236
439 12279
440 12274
441 12289
442 12268
443 12281
444 12277
445 12273
446 12252
447 12256
448 12281
449 12272
450 12303
451 12289
452 12291
453 12242
454 12240
455 12251
456 12284
457 12262
458 12271
459 12203
460 12233
461 12282
462 12307
463 12301
464 12294
465 12296
466 12325
467 12324
468 12277
469 12265
470 12206
471 12240
472 12252
473 12263
474 12290
475 12316
476 12313
477 12323
478 12338
479 12332
480 12307
481 12323
482 12346
483 12327
484 12324
485 12277
486 12263
487 12256
488 12295
489 12281
490 12281
491 12299
492 12320
493 12293
494 12294
495 12264
496 12285
497 12293
498 12303
499 12298
500 12330
501 12314
502 12322
503 12277
504 12196
505 12241
506 12293
507 12341
508 12333
509 12293
510 12320
511 12318
512 12348
513 12374
514 12348
515 12300
516 12299
517 12302
518 12282
519 12243
520 12296
521 12271
522 12298
523 12289
524 12245
525 12303
526 12227
527 12271
528 12295
529 12293
530 12273
531 12256
532 12310
533 12252
534 12248
535 12232
536 12265
537 12235
538 12184
539 12198
540 12163
541 12268
542 12230
543 12212
544 12216
545 12230
546 12242
547 12251
548 12221
549 12234
550 12181
551 12231
552 12299
553 12288
554 12285
555 12289
556 12256
557 12238
558 12312
559 12313
560 12315
561 12321
562 12291
563 12252
564 12234
565 12251
566 12229
567 12230
568 12250
569 12259
570 12230
571 12190
572 12219
573 12214
574 12190
575 12250
576 12224
577 12234
578 12226
579 12196
580 12237
581 12264
582 12277
583 12297
584 12252
585 12245
586 12252
587 12264
588 12257
589 12244
590 12263
591 12240
592 12205
593 12292
594 12331
595 12309
596 12342
597 12282
598 12254
599 12243
600 12252
601 12275
602 12284
603 12317
604 12307
605 12299
606 12318
607 12281
608 12366
609 12378
610 12347
611 12356
612 12342
613 12267
614 12270
615 12254
616 12309
617 12342
618 12295
619 12206
620 12136
621 12147
622 12218
623 12265
624 12260
625 12235
626 12228
627 12242
628 12205
629 12207
630 12244
631 12241
632 12225
633 12192
634 12126
635 12216
636 12272
637 12333
638 12345
639 12315
640 12245
641 12234
642 12221
643 12097
644 12148
645 12252
646 12255
647 12294
648 12284
649 12273
650 12249
651 12212
652 12194
653 12207
654 12276
655 12322
656 12338
657 12343
658 12268
659 12266
660 12275
661 12236
662 12258
663 12293
664 12295
665 12298
666 12293
667 12250
668 12253
669 12249
670 12261
671 12255
672 12232
673 12235
674 12252
675 12292
676 12302
677 12306
678 12294
679 12287
680 12222
681 12222
682 12256
683 12213
684 12287
685 12278
686 12241
687 12276
688 12244
689 12267
690 12300
691 12309
692 12287
693 12292
694 12323
695 12353
696 12332
697 12324
698 12319
699 12264
700 12254
701 12277
702 12202
703 12252
704 12253
705 12320
706 12345
707 12402
708 12392
709 12347
710 12336
711 12212
712 12233
713 12207
714 12253
715 12293
716 12318
717 12281
718 12342
719 12358
720 12399
721 12362
722 12331
723 12352
724 12311
725 12328
726 12257
727 12313
728 12299
729 12285
730 12236
731 12262
732 12241
733 12247
734 12282
735 12264
736 12257
737 12231
738 12211
739 12198
740 12227
741 12238
742 12233
743 12244
744 12189
745 12250
746 12244
747 12239
748 12147
749 12161
750 12153
751 12191
752 12218
753 12257
754 12294
755 12292
756 12287
757 12286
758 12246
759 12276
760 12296
761 12286
762 12296
763 12300
764 12243
765 12279
766 12236
767 12274
768 12260
769 12250
770 12226
771 12211
772 12248
773 12260
774 12240
775 12246
776 12213
777 12182
778 12241
779 12253
780 12294
781 12347
782 12334
783 12404
784 12403
785 12445
786 12487
787 12450
788 12437
789 12359
790 12299
791 12262
792 12184
793 12219
794 12283
795 12260
796 12211
797 12218
798 12261
799 12253
800 12252
801 12266
802 12211
803 12261
804 12261
805 12336
806 12369
807 12371
808 12378
809 12360
810 12339
811 12349
812 12370
813 12379
814 12401
815 12434
816 12418
817 12400
818 12440
819 12372
820 12336
821 12317
822 12286
823 12288
824 12328
825 12306
826 12298
827 12237
828 12270
829 12287
830 12249
831 12240
832 12187
833 12197
834 12239
835 12177
836 12199
837 12185
838 12319
839 12319
840 12304
841 12319
842 12266
843 12265
844 12301
845 12283
846 12275
847 12230
848 12292
849 12204
850 12228
851 12256
852 12222
853 12232
854 12199
855 12218
856 12329
857 12370
858 12416
859 12401
860 12415
861 12444
862 12413
863 12415
864 12389
865 12369
866 12357
867 12339
868 12335
869 12323
870 12288
871 12266
872 12306
873 12339
874 12324
875 12292
876 12345
877 12329
878 12285
879 12358
880 12354
881 12390
882 12285
883 12304
884 12336
885 12373
886 12350
887 12353
888 12388
889 12394
890 12343
891 12285
892 12180
893 12211
894 12221
895 12221
896 12224
897 12253
898 12308
899 12291
900 12242
901 12239
902 12271
903 12281
904 12303
905 12268
906 12249
907 12241
908 12227
909 12235
910 12283
911 12293
912 12327
913 12343
914 12279
915 12346
916 12325
917 12315
918 12309
919 12356
920 12388
921 12406
922 12325
923 12268
924 12282
925 12334
926 12338
927 12401
928 12394
929 12340
930 12306
931 12239
932 12096
933 12201
934 12265
935 12328
936 12337
937 12387
938 12394
939 12410
940 12362
941 12317
942 12298
943 12279
944 12286
945 12289
946 12317
947 12278
948 12289
949 12295
950 12342
951 12338
952 12350
953 12339
954 12349
955 12372
956 12354
957 12335
958 12340
959 12354
960 12395
961 12400
962 12351
963 12320
964 12302
965 12346
966 12350
967 12302
968 12355
969 12364
970 12337
971 12320
972 12330
973 12323
974 12318
975 12260
976 12262
977 12295
978 12340
979 12270
980 12339
981 12382
982 12377
983 12359
984 12474
985 12472
986 12439
987 12509
988 12441
989 12393
990 12413
991 12328
992 12301
993 12301
994 12332
995 12336
996 12331
997 12334
998 12334
999 12324
1000 12304
1001 12297
1002 12305
1003 12289
1004 12306
1005 12323
1006 12336
1007 12312
1008 12362
1009 12319
1010 12325
1011 12380
1012 12376
1013 12350
1014 12439
1015 12415
1016 12335
1017 12373
1018 12269
1019 12293
1020 12311
1021 12394
1022 12368
1023 12334
1024 12335
1025 12285
1026 13257
1027 13511
1028 13489
1029 13511
1030 13559
1031 13149
1032 12385
1033 12377
1034 12405
1035 12319
1036 12318
1037 12320
1038 12345
1039 12278
1040 12199
1041 12248
1042 12265
1043 12209
1044 12261
1045 12283
1046 12298
1047 12334
1048 12318
1049 12291
1050 12298
1051 12330
1052 12308
1053 12303
1054 12303
1055 12286
1056 12295
1057 12321
1058 12366
1059 12386
1060 12362
1061 12369
1062 12404
1063 12369
1064 12336
1065 12176
1066 12104
1067 12092
1068 12120
1069 12141
1070 12153
1071 12118
1072 12136
1073 12161
1074 12260
1075 12264
1076 12227
1077 12229
1078 12151
1079 12107
1080 12148
1081 12109
1082 12135
1083 12170
1084 12124
1085 12216
1086 12272
1087 12318
1088 12304
1089 12261
1090 12186
1091 12156
1092 12136
1093 12115
1094 12091
1095 12138
1096 12148
1097 12138
1098 12121
1099 12143
1100 12106
1101 12141
1102 12090
1103 12103
1104 12161
1105 12181
1106 12223
1107 12201
1108 12152
1109 12205
1110 12201
1111 12178
1112 12226
1113 12197
1114 12241
1115 12233
1116 12253
1117 12240
1118 12248
1119 12236
1120 12239
1121 12215
1122 12191
1123 12182
1124 12189
1125 12144
1126 12083
1127 12140
1128 12147
1129 12135
1130 12088
1131 12068
1132 12051
1133 12129
1134 12173
1135 12155
1136 12144
1137 12120
1138 12136
1139 12094
1140 12108
1141 12074
1142 12118
1143 12118
1144 12134
1145 12112
1146 12125
1147 12147
1148 12126
1149 12123
1150 12112
1151 12117
1152 12172
1153 12180
1154 12121
1155 12120
1156 12088
1157 12163
1158 12186
1159 12202
1160 12202
1161 12200
1162 12198
1163 12196
1164 12192
1165 12103
1166 12162
1167 12167
1168 12167
1169 12143
1170 12143
1171 12174
1172 12155
1173 12224
1174 12199
1175 12198
1176 12162
1177 12214
1178 12193
1179 12154
1180 12147
1181 12212
1182 12166
1183 12159
1184 12178
1185 12188
1186 12165
1187 12199
1188 12214
1189 12170
1190 12155
1191 12159
1192 12137
1193 12148
1194 12156
1195 12063
1196 12156
1197 12160
1198 12157
1199 12160
1200 12183
1201 12194
1202 12145
1203 12105
1204 12162
1205 12153
1206 12148
1207 12112
1208 12079
1209 12179
1210 12169
1211 12168
1212 12185
1213 12204
1214 12177
1215 12185
1216 12159
1217 12144
1218 12145
1219 12177
1220 12197
1221 12212
1222 12179
1223 12184
1224 12164
1225 12164
1226 12145
1227 12150
1228 12156
1229 12153
1230 12131
1231 12143
1232 12129
1233 12130
1234 12124
1235 12125
1236 12124
1237 12138
1238 12142
1239 12123
1240 12148
1241 12174
1242 12157
1243 12125
1244 12114
1245 12088
1246 12091
1247 12095
1248 12117
1249 12055
1250 12089
1251 12119
1252 12181
1253 12203
1254 12233
1255 12143
1256 12120
1257 12128
1258 12143
1259 12113
1260 12104
1261 12153
1262 12151
1263 12137
1264 12151
1265 12058
1266 12165
1267 12095
1268 12138
1269 12143
1270 12133
1271 12154
1272 12175
1273 12165
1274 12163
1275 12139
1276 12095
1277 12157
1278 12151
1279 12145
1280 12118
1281 12111
1282 12137
1283 12143
1284 12152
1285 12181
1286 12131
1287 12160
1288 12089
1289 12145
1290 12138
1291 12150
1292 12183
1293 12174
1294 12138
1295 12192
1296 12199
1297 12134
1298 12109
1299 12159
1300 12138
1301 12129
1302 12156
1303 12078
1304 12104
1305 12113
1306 12164
1307 12152
1308 12215
1309 12231
1310 12227
1311 12180
1312 12193
1313 12170
1314 12201
1315 12179
1316 12188
1317 12154
1318 12100
1319 12127
1320 12182
1321 12158
1322 12180
1323 12137
1324 12118
1325 12166
1326 12143
1327 12142
1328 12148
1329 12129
1330 12136
1331 12108
1332 12132
1333 12114
1334 12119
1335 12079
1336 12105
1337 12140
1338 12138
1339 12132
1340 12130
1341 12119
1342 12106
1343 12135
1344 12124
1345 12122
1346 12112
1347 12126
1348 12129
1349 12089
1350 12051
1351 12066
1352 12082
1353 12107
1354 12114
1355 12091
1356 12118
1357 12134
1358 12119
1359 12118
1360 12117
1361 12100
1362 11981
1363 11969
1364 12007
1365 12128
1366 12127
1367 12125
1368 12107
1369 12171
1370 12197
1371 12178
1372 12165
1373 12168
1374 12133
1375 12144
1376 12149
1377 12134
1378 12119
1379 12104
1380 12117
1381 12158
1382 12127
1383 12193
1384 12191
1385 12176
1386 12218
1387 12190
1388 12181
1389 12205
1390 12199
1391 12187
1392 12132
1393 12125
1394 12169
1395 12170
1396 12161
1397 12170
1398 12184
1399 12209
1400 12219
1401 12240
1402 12253
1403 12220
1404 12257
1405 12255
1406 12252
1407 12257
1408 12269
1409 12262
1410 12253
1411 12264
1412 12271
1413 12294
1414 12259
1415 12224
1416 12111
1417 12209
1418 12170
1419 12208
1420 12211
1421 12138
1422 12251
1423 12234
1424 12240
1425 12246
1426 12231
1427 12242
1428 12233
1429 12222
1430 12200
1431 12185
1432 12174
1433 12181
1434 12165
1435 12164
1436 12169
1437 12123
1438 12142
1439 12156
1440 12146
1441 12140
1442 12066
1443 12150
1444 12140
1445 12135
1446 12123
1447 12142
1448 12146
1449 12161
1450 12138
1451 12124
1452 12101
1453 12166
1454 12162
1455 12134
1456 12068
1457 12131
1458 12136
1459 12087
1460 12086
1461 12139
1462 12138
1463 12129
1464 12129
1465 12076
1466 12107
1467 12103
1468 12121
1469 12144
1470 12139
1471 12131
1472 12165
1473 12127
1474 12132
1475 12174
1476 12215
1477 12222
1478 12248
1479 12243
1480 12214
1481 12235
1482 12230
1483 12217
1484 12223
1485 12210
1486 12163
1487 12126
1488 12126
1489 12148
1490 12167
1491 12150
1492 12173
1493 12189
1494 12204
1495 12161
1496 12212
1497 12249
1498 12229
1499 12216
1500 12209
1501 12160
1502 12143
1503 12143
1504 12175
1505 12185
1506 12170
1507 12186
1508 12122
1509 12123
1510 12106
1511 12126
1512 12220
1513 12203
1514 12209
1515 12241
1516 12232
1517 12237
1518 12196
1519 12172
1520 12147
1521 12138
1522 12423
1523 12711
1524 12727
1525 12702
1526 12727
1527 12658
1528 12190
1529 12168
1530 12125
1531 12146
1532 12127
1533 12154
1534 12128
1535 12125
1536 12080
1537 12158
1538 12186
1539 12177
1540 12186
1541 12165
1542 12102
1543 12027
1544 12066
1545 12097
1546 12117
1547 12127
1548 12101
1549 12115
1550 12123
1551 12123
1552 12122
1553 12153
1554 12048
1555 12076
1556 12126
1557 12164
1558 12153
1559 12147
1560 12123
1561 12128
1562 12124
1563 12131
1564 12114
1565 12106
1566 12097
1567 12087
1568 12124
1569 12154
1570 12185
1571 12178
1572 12186
1573 12128
1574 12153
1575 12166
1576 12164
1577 12176
1578 12193
1579 12215
1580 12180
1581 12179
1582 12170
1583 12134
1584 12139
1585 12149
1586 12132
1587 12110
1588 12131
1589 12061
1590 12102
1591 12145
1592 12118
1593 12101
1594 12129
1595 12127
1596 12121
1597 12138
1598 12138
1599 12165
1600 12163
1601 12185
1602 12205
1603 12239
1604 12250
1605 12241
1606 12209
1607 12180
1608 12203
1609 12218
1610 12211
1611 12227
1612 12237
1613 12225
1614 12156
1615 12195
1616 12215
1617 12217
1618 12182
1619 12185
1620 12201
1621 12247
1622 12297
1623 12312
1624 12334
1625 12244
1626 12203
1627 12161
1628 12158
1629 12184
1630 12125
1631 11996
1632 11990
1633 12099
1634 12111
1635 12111
1636 12128
1637 12088
1638 12121
1639 12148
1640 12118
1641 12103
1642 12103
1643 12100
1644 12103
1645 12117
1646 12114
1647 12048
1648 12077
1649 12024
1650 12040
1651 12095
1652 12140
1653 12109
1654 12126
1655 12129
1656 12678
1657 12778
1658 12786
1659 12840
1660 12863
1661 12710
1662 12206
1663 12086
1664 12081
1665 12123
1666 12220
1667 12215
1668 12131
1669 12158
1670 12220
1671 12232
1672 12232
1673 12234
1674 12210
1675 12066
1676 12100
1677 12215
1678 12222
1679 12188
1680 12208
1681 12191
1682 12088
1683 12150
1684 12179
1685 12116
1686 12197
1687 12165
1688 12126
1689 12125
1690 12082
1691 12162
1692 12183
1693 12188
1694 12187
1695 12167
1696 12117
1697 12111
1698 12121
1699 12144
1700 12167
1701 12193
1702 12219
1703 12192
1704 12170
1705 12136
1706 12156
1707 12149
1708 12136
1709 12133
1710 12160
1711 12154
1712 12162
1713 12171
1714 12154
1715 12110
1716 12122
1717 12126
1718 12136
1719 12151
1720 12137
1721 12099
1722 12056
1723 12090
1724 12050
1725 12056
1726 12102
1727 12097
1728 12088
1729 12133
1730 12135
1731 12259
1732 12284
1733 12306
1734 12292
1735 12248
1736 12257
1737 12236
1738 12153
1739 12154
1740 12153
1741 12209
1742 12229
1743 12132
1744 12131
1745 12156
1746 12197
1747 12159
1748 12183
1749 12082
1750 11980
1751 11977
1752 12152
1753 12049
1754 12064
1755 12045
1756 12072
1757 12138
1758 12130
1759 12118
1760 12075
1761 12103
1762 12035
1763 12037
1764 12067
1765 11993
1766 12058
1767 12062
1768 12061
1769 12086
1770 12121
1771 12050
1772 11977
1773 12055
1774 12108
1775 12212
1776 12216
1777 12169
1778 12183
1779 12110
1780 12079
1781 12089
1782 12080
1783 12073
1784 12104
1785 12105
1786 12102
1787 12116
1788 12139
1789 12104
1790 12135
1791 12124
1792 12144
1793 12186
1794 12167
1795 12172
1796 12118
1797 12098
1798 12131
1799 12154
1800 12163
1801 12117
1802 12224
1803 12235
1804 12250
1805 12249
1806 12158
1807 12145
1808 12202
1809 12171
1810 12242
1811 12254
1812 12204
1813 12267
1814 12283
1815 12231
1816 12266
1817 12247
1818 12253
1819 12205
1820 12200
1821 12148
1822 12123
1823 12179
1824 12146
1825 12201
1826 12217
1827 12247
1828 12273
1829 12242
1830 12271
1831 12239
1832 12281
1833 12266
1834 12206
1835 12151
1836 12062
1837 12095
1838 12128
1839 12020
1840 12054
1841 12177
1842 12185
1843 12256
1844 12311
1845 12281
1846 12287
1847 12242
1848 12212
1849 12173
1850 12118
1851 12104
1852 12152
1853 12186
1854 12302
1855 12332
1856 12350
1857 12280
1858 12175
1859 12170
1860 12140
1861 12140
1862 12168
1863 12138
1864 12061
1865 12154
1866 12155
1867 12215
1868 12192
1869 12191
1870 12206
1871 12141
1872 12161
1873 12146
1874 12184
1875 12137
1876 12145
1877 12149
1878 12127
1879 12092
1880 12096
1881 12185
1882 12192
1883 12177
1884 12167
1885 12118
1886 12086
1887 12174
1888 12173
1889 12147
1890 12171
1891 12135
1892 12127
1893 12148
1894 12096
1895 12164
1896 12213
1897 12169
1898 12170
1899 12167
1900 12200
1901 12201
1902 12249
1903 12223
1904 12164
1905 12199
1906 12214
1907 12199
1908 12217
1909 12128
1910 12208
1911 12218
1912 12215
1913 12187
1914 12179
1915 12171
1916 12155
1917 12095
1918 12074
1919 12135
1920 12123
1921 12126
1922 12146
1923 12122
1924 12103
1925 12073
1926 12094
1927 12100
1928 12105
1929 12129
1930 12143
1931 12143
1932 12161
1933 12121
1934 12103
1935 12118
1936 12128
1937 12120
1938 12135
1939 12141
1940 12125
1941 12087
1942 11993
1943 12024
1944 11960
1945 12064
1946 12049
1947 12049
1948 12120
1949 12082
1950 12111
1951 12137
1952 12153
1953 12124
1954 12087
1955 12060
1956 12067
1957 12067
1958 12099
1959 12089
1960 12100
1961 12106
1962 12062
1963 12079
1964 12062
1965 12084
1966 12105
1967 12085
1968 12094
1969 12084
1970 12103
1971 12069
1972 12102
1973 12064
1974 12135
1975 12116
1976 12138
1977 12158
1978 12170
1979 12168
1980 12185
1981 12161
1982 12160
1983 12174
1984 12164
1985 12168
1986 12129
1987 12137
1988 12237
1989 12187
1990 12128
1991 12218
1992 12241
1993 12226
1994 12238
1995 12227
1996 12268
1997 12275
1998 12228
1999 12265
2000 12198
2001 12236
2002 12244
2003 12241
2004 12192
2005 12216
2006 12214
2007 12282
2008 12561
2009 12561
2010 12545
2011 12569
2012 12592
2013 12483
2014 12417
2015 12170
2016 12208
2017 12226
2018 12172
2019 12169
2020 12103
2021 12156
2022 12162
2023 12174
2024 12158
2025 12221
2026 12195
2027 12199
2028 12187
2029 12152
2030 12112
2031 12088
2032 11887
2033 11996
2034 12002
2035 12005
2036 12131
2037 12165
2038 12159
2039 12182
2040 12174
2041 12206
2042 12225
2043 12184
2044 12187
2045 12152
2046 12205
2047 12211
2048 12205
2049 12106
2050 12050
2051 11722
2052 11745
2053 11748
2054 12134
2055 12167
2056 12265
2057 12217
2058 12194
2059 12223
2060 12193
2061 12179
2062 12181
2063 12213
2064 12220
2065 12157
2066 12152
2067 12158
2068 12230
2069 12206
2070 12288
2071 12270
2072 12313
2073 12301
2074 12289
2075 12267
2076 12235
2077 12220
2078 12206
2079 12245
2080 12266
2081 12238
2082 12223
2083 12323
2084 12343
2085 12354
2086 12347
2087 12279
2088 12250
2089 12240
2090 12259
2091 12245
2092 12255
2093 12278
2094 12267
2095 12265
2096 12327
2097 12315
2098 12340
2099 12342
2100 12319
2101 12321
2102 12289
2103 12268
2104 12278
2105 12230
2106 12219
2107 12299
2108 12297
2109 12265
2110 12300
2111 12292
2112 12266
2113 12253
2114 12272
2115 12249
2116 12256
2117 12204
2118 12205
2119 12184
2120 12151
2121 12281
2122 12295
2123 12292
2124 12271
2125 12226
2126 12208
2127 12203
2128 12216
2129 12200
2130 12221
2131 12277
2132 12241
2133 12168
2134 12166
2135 12144
2136 12137
2137 12189
2138 12210
2139 12177
2140 12139
2141 12183
2142 12179
2143 12220
2144 12214
2145 12228
2146 12214
2147 12194
2148 12194
2149 12175
2150 12218
2151 12252
2152 12262
2153 12292
2154 12304
2155 12246
2156 12268
2157 12250
2158 12228
2159 12242
2160 12235
2161 12261
2162 12213
2163 12218
2164 12243
2165 12221
2166 12255
2167 12263
2168 12279
2169 12338
2170 12354
2171 12329
2172 12357
2173 12331
2174 12312
2175 12327
2176 12191
2177 12209
2178 12184
2179 12257
2180 12219
2181 12185
2182 12204
2183 12185
2184 12182
2185 12194
2186 12179
2187 12214
2188 12255
2189 12265
2190 12288
2191 12280
2192 12262
2193 12260
2194 12248
2195 12162
2196 12147
2197 12217
2198 12221
2199 12256
2200 12223
2201 12168
2202 12187
2203 12245
2204 12229
2205 12201
2206 12177
2207 12095
2208 12022
2209 12080
2210 12088
2211 12162
2212 12166
2213 12155
2214 12158
2215 12195
2216 12200
2217 12199
2218 12158
2219 12134
2220 12173
2221 12172
2222 12163
2223 12175
2224 12189
2225 12184
2226 12162
2227 12162
2228 12118
2229 12147
2230 12144
2231 12134
2232 12154
2233 12164
2234 12160
2235 12142
2236 12179
2237 12180
2238 12199
2239 12257
2240 12251
2241 12220
2242 12237
2243 12220
2244 12215
2245 12222
2246 12208
2247 12209
2248 12254
2249 12287
2250 12260
2251 12230
2252 12248
2253 12197
2254 12206
2255 12230
2256 12224
2257 12229
2258 12171
2259 12253
2260 12232
2261 12239
2262 12226
2263 12258
2264 12272
2265 12273
2266 12236
2267 12230
2268 12092
2269 12031
2270 12161
2271 12183
2272 12205
2273 12237
2274 12239
2275 12228
2276 12226
2277 12173
2278 12126
2279 12193
2280 12193
2281 12176
2282 12172
2283 12164
2284 12195
2285 12207
2286 12087
2287 12154
2288 12191
2289 12237
2290 12302
2291 12342
2292 12412
2293 12377
2294 12337
2295 12232
2296 12234
2297 12233
2298 12209
2299 12177
2300 12189
2301 12265
2302 12275
2303 12244
2304 12336
2305 12372
2306 12352
2307 12341
2308 12341
2309 12236
2310 12160
2311 12094
2312 12095
2313 12117
2314 12099
2315 12192
2316 12212
2317 12206
2318 12181
2319 12122
2320 12116
2321 12084
2322 12066
2323 12131
2324 12105
2325 12097
2326 12107
2327 12098
2328 12122
2329 12138
2330 12109
2331 12128
2332 12114
2333 12111
2334 12065
2335 12099
2336 12130
2337 12117
2338 12141
2339 12130
2340 12144
2341 12128
2342 12109
2343 12119
2344 12156
2345 12161
2346 12165
2347 12136
2348 12131
2349 12038
2350 12008
2351 12051
2352 12076
2353 12073
2354 12081
2355 12193
2356 12242
2357 12238
2358 12220
2359 12189
2360 12228
2361 12242
2362 12250
2363 12297
2364 12315
2365 12308
2366 12289
2367 12296
2368 12234
2369 12169
2370 12180
2371 12194
2372 12229
2373 12214
2374 12197
2375 12181
2376 12226
2377 12221
2378 12183
2379 12123
2380 12165
2381 12178
2382 12189
2383 12155
2384 12128
2385 12127
2386 12087
2387 12092
2388 12109
2389 12134
2390 12188
2391 12207
2392 12211
2393 12200
2394 12198
2395 12095
2396 11873
2397 11625
2398 11602
2399 11393
2400 11592
2401 11596
2402 11596
2403 11863
2404 11749
2405 11790
2406 11970
2407 12057
2408 12054
2409 12060
2410 12133
2411 12116
2412 12126
2413 12141
2414 12111
2415 12122
2416 12079
2417 12082
2418 12073
2419 12076
2420 12070
2421 12080
2422 12055
2423 12071
2424 12067
2425 12039
2426 12087
2427 12107
2428 12096
2429 12126
2430 12110
2431 12093
2432 12090
2433 12115
2434 12131
2435 12127
2436 12126
2437 12098
2438 12082
2439 12052
2440 12023
2441 12079
2442 12116
2443 12078
2444 12110
2445 12127
2446 12154
2447 12158
2448 12131
2449 12133
2450 12120
2451 12079
2452 12069
2453 12093
2454 12085
2455 12090
2456 12131
2457 12168
2458 12146
2459 12197
2460 12171
2461 12137
2462 12112
2463 12106
2464 12088
2465 12076
2466 12047
2467 12109
2468 12130
2469 12220
2470 12289
2471 12243
2472 12288
2473 12193
2474 12270
2475 12236
2476 12269
2477 12284
2478 12263
2479 12280
2480 12196
2481 12256
2482 12266
2483 12268
2484 12227
2485 12227
2486 12188
2487 12225
2488 12255
2489 12303
2490 12245
2491 12273
2492 12256
2493 12179
2494 12107
2495 12127
2496 12165
2497 12248
2498 12215
2499 12206
2500 12213
2501 12231
2502 12215
2503 12229
2504 12213
2505 12220
2506 12197
2507 12177
2508 12144
2509 12055
2510 12031
2511 12083
2512 12073
2513 12165
2514 12173
2515 12185
2516 12181
2517 12176
2518 12195
2519 12158
2520 12104
2521 12105
2522 12114
2523 12165
2524 12155
2525 12177
2526 12179
2527 12200
2528 12226
2529 12224
2530 12210
2531 12225
2532 12190
2533 12194
2534 12174
2535 12205
2536 12197
2537 12222
2538 12231
2539 12247
2540 12237
2541 12243
2542 12227
2543 12215
2544 12207
2545 12210
2546 12269
2547 12273
2548 12268
2549 12236
2550 12124
2551 12232
2552 12294
2553 12321
2554 12315
2555 12311
2556 12283
2557 12262
2558 12259
2559 12241
2560 12202
2561 12235
2562 12216
2563 12226
2564 12234
2565 12233
2566 12241
2567 12252
2568 12255
2569 12262
2570 12242
2571 12144
2572 12151
2573 12191
2574 12141
2575 12206
2576 12162
2577 12254
2578 12248
2579 12164
2580 12280
2581 12265
2582 12298
2583 12311
2584 12241
2585 12303
2586 12309
2587 12295
2588 12265
2589 12219
2590 12186
2591 12100
2592 12216
2593 12255
2594 12256
2595 12240
2596 12213
2597 12170
2598 12177
2599 12211
2600 12222
2601 12202
2602 12133
2603 12215
2604 12243
2605 12217
2606 12230
2607 12237
2608 12238
2609 12248
2610 12194
2611 12185
2612 12196
2613 12176
2614 12140
2615 12135
2616 12137
2617 12169
2618 12161
2619 12144
2620 12183
2621 12167
2622 12111
2623 12054
2624 12066
2625 12127
2626 12104
2627 12123
2628 12010
2629 11667
2630 11417
2631 10951
2632 2
2633 2
2634 60
2635 10879
2636 11506
2637 11920
2638 12058
2639 12155
2640 12175
2641 12161
2642 12061
2643 12107
2644 12177
2645 12164
2646 12144
2647 12169
2648 12189
2649 12182
2650 12185
2651 12162
2652 12154
2653 12186
2654 12170
2655 12132
2656 12112
2657 12130
2658 12136
2659 12115
2660 12202
2661 12212
2662 12188
2663 12212
2664 12246
2665 12253
2666 12248
2667 12246
2668 12242
2669 12209
2670 12158
2671 12229
2672 12232
2673 12241
2674 12254
2675 12262
2676 12271
2677 12190
2678 12225
2679 12239
2680 12239
2681 12222
2682 12218
2683 12177
2684 12216
2685 12114
2686 12126
2687 12108
2688 12105
2689 12032
2690 12152
2691 12146
2692 12166
2693 12159
2694 12189
2695 12112
2696 12175
2697 12163
2698 12119
2699 12143
2700 12137
2701 12117
2702 12047
2703 12112
2704 12137
2705 12129
2706 12127
2707 12100
2708 12084
2709 12070
2710 12145
2711 12043
2712 12163
2713 12169
2714 12175
2715 12175
2716 12163
2717 12161
2718 12290
2719 12253
2720 12308
2721 12277
2722 12317
2723 12177
2724 12136
2725 12169
2726 12201
2727 12193
2728 12226
2729 12222
2730 12210
2731 12195
2732 12218
2733 12205
2734 12213
2735 12271
2736 12292
2737 12306
2738 12333
2739 12280
2740 12262
2741 12336
2742 12351
2743 12288
2744 12296
2745 12248
2746 12271
2747 12247
2748 12134
2749 12186
2750 12216
2751 12215
2752 12281
2753 12251
2754 12317
2755 12330
2756 12254
2757 12245
2758 12093
2759 12205
2760 12307
2761 12333
2762 12286
2763 12261
2764 12317
2765 12290
2766 12291
2767 12299
2768 12239
2769 12252
2770 12233
2771 12210
2772 12233
2773 12062
2774 12072
2775 12186
2776 12250
2777 12262
2778 12283
2779 12272
2780 12236
2781 12327
2782 12440
2783 12409
2784 12394
2785 12229
2786 12113
2787 12101
2788 12030
2789 12001
2790 12040
2791 12059
2792 12040
2793 12077
2794 12050
2795 12151
2796 12178
2797 12155
2798 12163
2799 12054
2800 12032
2801 12047
2802 11960
2803 12015
2804 12031
2805 12012
2806 12032
2807 12066
2808 12045
2809 12085
2810 12044
2811 12047
2812 12031
2813 12032
2814 12035
2815 12024
2816 12049
2817 12047
2818 12052
2819 12085
2820 12089
2821 12118
2822 12108
2823 12048
2824 12031
2825 12051
2826 12078
2827 12029
2828 11965
2829 12106
2830 12104
2831 12102
2832 12069
2833 12028
2834 12148
2835 12140
2836 12152
2837 12123
2838 12084
2839 12104
2840 12090
2841 12088
2842 12127
2843 12156
2844 12151
2845 12128
2846 12087
2847 12079
2848 11995
2849 12085
2850 13193
2851 13403
2852 13552
2853 13523
2854 13453
2855 13263
2856 12839
2857 12144
2858 12123
2859 11983
2860 11945
2861 12046
2862 12076
2863 12096
2864 12143
2865 12159
2866 12071
2867 12122
2868 12104
2869 12097
2870 12114
2871 12126
2872 12112
2873 12117
2874 12129
2875 12168
2876 12162
2877 12113
2878 12119
2879 12118
2880 12156
2881 12151
2882 12184
2883 12183
2884 12147
2885 12118
2886 12084
2887 12060
2888 12097
2889 12085
2890 12080
2891 12097
2892 12096
2893 12122
2894 12107
2895 12074
2896 12109
2897 12090
2898 12087
2899 12090
2900 12078
2901 12062
2902 12076
2903 12047
2904 12064
2905 12077
2906 12101
2907 12076
2908 12081
2909 12097
2910 12093
2911 12096
2912 12114
2913 12125
2914 12127
2915 12093
2916 12102
2917 12079
2918 12073
2919 12057
2920 12021
2921 12004
2922 12057
2923 12062
2924 12050
2925 12028
2926 12038
2927 12005
2928 11946
2929 11989
2930 12025
2931 12038
2932 12045
2933 12034
2934 12063
2935 12083
2936 12102
2937 12062
2938 12095
2939 12036
2940 12032
2941 12080
2942 12085
2943 12102
2944 12107
2945 12101
2946 12079
2947 12089
2948 12077
2949 12092
2950 12103
2951 12093
2952 12103
2953 12111
2954 12138
2955 12112
2956 12085
2957 12079
2958 12010
2959 12043
2960 12088
2961 12058
2962 12063
2963 12076
2964 12051
2965 12073
2966 12066
2967 12080
2968 12029
2969 12094
2970 12126
2971 12052
2972 12109
2973 12108
2974 12123
2975 12176
2976 12151
2977 12162
2978 12194
2979 12197
2980 12194
2981 12165
2982 12101
2983 12053
2984 12068
2985 12028
2986 12041
2987 12066
2988 12077
2989 12087
2990 12108
2991 12158
2992 12157
2993 12174
2994 12154
2995 12086
2996 12081
2997 12077
2998 12083
2999 12077
3000 12094
3001 12080
3002 12102
3003 12118
3004 12073
3005 12085
3006 12100
3007 12065
3008 12105
3009 12079
3010 12106
3011 12146
3012 12113
3013 12073
3014 12033
3015 12087
3016 12157
3017 12172
3018 12133
3019 12107
3020 12094
3021 12072
3022 12105
3023 12077
3024 12057
3025 12096
3026 12072
3027 12131
3028 12062
3029 12075
3030 12049
3031 12065
3032 12053
3033 11998
3034 12111
3035 12130
3036 12127
3037 12157
3038 12052
3039 12142
3040 12050
3041 12126
3042 12117
3043 12155
3044 12169
3045 12100
3046 12010
3047 12020
3048 12061
3049 12108
3050 12116
3051 12099
3052 12106
3053 12115
3054 12139
3055 12031
3056 12150
3057 12189
3058 12176
3059 12172
3060 12150
3061 12159
3062 12143
3063 12145
3064 12151
3065 12142
3066 12131
3067 12149
3068 12194
3069 12179
3070 12207
3071 12215
3072 12203
3073 12168
3074 12169
3075 12148
3076 12151
3077 12137
3078 12218
3079 12213
3080 12227
3081 12272
3082 12149
3083 12118
3084 12094
3085 12089
3086 12136
3087 12137
3088 12202
3089 12168
3090 12200
3091 12157
3092 12160
3093 12118
3094 12129
3095 12098
3096 12097
3097 12075
3098 12048
3099 12015
3100 12018
3101 12059
3102 12089
3103 12064
3104 12092
3105 12082
3106 12027
3107 12093
3108 12099
3109 12071
3110 12111
3111 12116
3112 12115
3113 12103
3114 12128
3115 12095
3116 12066
3117 12070
3118 12090
3119 12103
3120 12029
3121 12024
3122 11990
3123 12044
3124 12037
3125 12047
3126 12038
3127 12112
3128 12189
3129 12187
3130 12202
3131 12211
3132 12199
3133 12170
3134 12206
3135 12190
3136 12194
3137 12175
3138 12163
3139 12173
3140 12185
3141 12175
3142 12118
3143 12131
3144 12113
3145 12110
3146 12138
3147 12104
3148 12132
3149 12114
3150 12107
3151 12040
3152 12078
3153 12095
3154 12015
3155 12017
3156 11978
3157 12086
3158 12131
3159 12124
3160 12123
3161 12091
3162 12090
3163 12123
3164 12134
3165 12158
3166 12163
3167 12148
3168 12096
3169 12057
3170 12093
3171 12111
3172 12087
3173 12062
3174 12087
3175 12105
3176 12068
3177 12045
3178 12026
3179 12044
3180 12054
3181 12054
3182 12019
3183 12032
3184 12031
3185 12043
3186 12070
3187 12054
3188 12042
3189 12061
3190 12054
3191 12037
3192 11999
3193 12002
3194 12022
3195 12039
3196 12052
3197 12055
3198 12015
3199 12001
3200 12003
3201 11998
3202 12035
3203 12035
3204 12043
3205 12009
3206 11999
3207 11950
3208 12053
3209 12073
3210 12076
3211 12068
3212 12067
3213 12057
3214 12049
3215 12040
3216 12065
3217 12031
3218 12035
3219 12054
3220 12006
3221 12022
3222 12008
3223 12025
3224 12033
3225 12023
3226 11986
3227 11977
3228 11968
3229 12033
3230 12044
3231 12046
3232 12026
3233 12001
3234 12001
3235 11985
3236 12047
3237 12054
3238 12045
3239 12043
3240 12003
3241 12057
3242 12075
3243 12071
3244 12070
3245 12087
3246 12052
3247 12025
3248 12039
3249 12060
3250 12093
3251 12090
3252 12057
3253 12103
3254 12105
3255 12117
3256 12116
3257 12121
3258 12147
3259 12142
3260 12151
3261 12138
3262 12146
3263 12112
3264 12053
3265 12110
3266 12112
3267 12011
3268 12083
3269 12122
3270 12148
3271 12143
3272 12141
3273 12144
3274 12143
3275 12114
3276 12131
3277 12130
3278 12055
3279 12060
3280 12047
3281 12022
3282 12024
3283 12017
3284 12011
3285 11999
3286 12020
3287 12034
3288 12038
3289 12030
3290 12033
3291 12030
3292 11972
3293 11944
3294 11939
3295 11958
3296 11970
3297 11994
3298 11991
3299 11980
3300 11972
3301 12003
3302 12010
3303 12001
3304 12032
3305 12072
3306 12112
3307 12117
3308 12141
3309 12134
3310 12113
3311 12106
3312 12099
3313 12106
3314 12118
3315 12100
3316 12107
3317 12081
3318 12076
3319 12079
3320 12043
3321 12040
3322 12073
3323 12047
3324 12055
3325 12061
3326 12065
3327 12093
3328 12083
3329 12113
3330 12102
3331 12086
3332 12096
3333 12077
3334 12010
3335 12041
3336 12079
3337 12104
3338 12115
3339 12114
3340 12100
3341 12120
3342 12151
3343 12154
3344 12150
3345 12118
3346 12119
3347 12098
3348 12079
3349 12086
3350 12092
3351 12061
3352 12045
3353 12071
3354 12059
3355 12034
3356 12060
3357 12089
3358 12134
3359 12115
3360 12091
3361 12097
3362 12094
3363 12102
3364 12085
3365 12074
3366 12096
3367 12104
3368 12109
3369 12101
3370 12077
3371 12092
3372 12062
3373 12084
3374 12044
3375 12057
3376 12060
3377 12063
3378 12064
3379 12172
3380 12223
3381 12225
3382 12277
3383 12223
3384 12109
3385 12127
3386 12128
3387 12117
3388 12093
3389 12036
3390 12053
3391 12113
3392 12153
3393 12195
3394 12204
3395 12201
3396 12147
3397 12053
3398 12023
3399 12019
3400 12037
3401 12064
3402 12177
3403 12211
3404 12223
3405 12203
3406 12153
3407 12199
3408 12207
3409 12205
3410 12195
3411 12106
3412 12092
3413 12112
3414 12155
3415 12122
3416 12127
3417 12126
3418 12156
3419 12177
3420 12172
3421 12168
3422 12171
3423 12151
3424 12094
3425 12073
3426 12091
3427 12123
3428 12138
3429 12141
3430 12165
3431 12160
3432 12161
3433 12158
3434 12164
3435 12162
3436 12187
3437 12225
3438 12135
3439 12163
3440 12175
3441 12175
3442 12183
3443 12165
3444 12173
3445 12165
3446 12154
3447 12152
3448 12151
3449 12155
3450 12146
3451 12174
3452 12125
3453 12128
3454 12143
3455 12121
3456 12107
3457 12160
3458 12159
3459 12173
3460 12176
3461 12141
3462 12149
3463 12159
3464 12119
3465 12125
3466 12152
3467 12112
3468 12165
3469 12162
3470 12181
3471 12144
3472 12159
3473 12142
3474 12142
3475 12136
3476 12124
3477 12096
3478 12060
3479 12159
3480 12163
3481 12173
3482 12184
3483 12148
3484 12138
3485 12154
3486 12114
3487 12087
3488 12070
3489 12005
3490 12044
3491 12100
3492 12121
3493 12122
3494 12110
3495 12097
3496 12088
3497 12085
3498 12075
3499 12094
3500 12111
3501 12128
3502 12178
3503 12182
3504 12177
3505 12184
3506 12166
3507 12156
3508 12039
3509 12031
3510 12130
3511 12121
3512 12130
3513 12145
3514 12160
3515 12156
3516 12157
3517 12164
3518 12174
3519 12178
3520 12163
3521 12172
3522 12203
3523 12213
3524 12207
3525 12203
3526 12198
3527 12230
3528 12230
3529 12206
3530 12173
3531 12173
3532 12119
3533 12166
3534 12134
3535 12133
3536 12158
3537 12167
3538 12153
3539 12134
3540 12113
3541 12094
3542 12088
3543 12102
3544 12040
3545 12117
3546 12154
3547 12155
3548 12153
3549 12169
3550 12146
3551 12141
3552 12137
3553 12138
3554 12150
3555 12139
3556 12148
3557 12137
3558 12131
3559 12148
3560 12161
3561 12153
3562 12145
3563 12112
3564 12065
3565 12081
3566 12144
3567 12117
3568 12142
3569 12132
3570 12154
3571 12144
3572 12159
3573 12136
3574 12157
3575 12160
3576 12150
3577 12137
3578 12095
3579 12160
3580 12107
3581 12113
3582 12128
3583 12079
3584 12083
3585 11976
3586 11997
3587 12087
3588 12138
3589 12166
3590 12129
3591 12163
3592 12122
3593 12085
3594 12122
3595 12114
3596 12153
3597 12171
3598 12190
3599 12172
3600 12223
3601 12184
3602 12160
3603 12214
3604 12175
3605 12141
3606 12125
3607 12110
3608 12068
3609 12102
3610 12124
3611 12136
3612 12092
3613 12084
3614 12134
3615 12081
3616 12120
3617 12092
3618 12089
3619 12077
3620 12167
3621 12184
3622 12211
3623 12205
3624 12170
3625 12166
3626 12173
3627 12202
3628 12259
3629 12247
3630 12274
3631 12254
3632 12215
3633 12206
3634 12184
3635 12165
3636 12110
3637 11945
3638 11983
3639 12027
3640 12150
3641 12208
3642 12208
3643 12214
3644 12218
3645 12181
3646 12112
3647 12098
3648 12174
3649 12184
3650 12203
3651 12206
3652 12196
3653 12192
3654 12227
3655 12229
3656 12207
3657 12197
3658 12124
3659 12146
3660 12171
3661 12177
3662 12208
3663 12212
3664 12260
3665 12255
3666 12257
3667 12251
3668 12280
3669 12287
3670 12226
3671 12202
3672 12218
3673 12189
3674 12121
3675 12104
3676 12579
3677 12714
3678 12761
3679 12727
3680 12729
3681 12678
3682 12595
3683 12112
3684 12153
3685 12127
3686 12132
3687 12144
3688 12074
3689 12118
3690 12124
3691 12147
3692 12144
3693 12131
3694 12157
3695 12170
3696 12144
3697 12130
3698 12145
3699 12164
3700 12146
3701 12145
3702 12165
3703 12121
3704 12159
3705 12190
3706 12198
3707 12200
3708 12197
3709 12209
3710 12107
3711 12192
3712 12191
3713 12210
3714 12175
3715 12148
3716 12092
3717 12161
3718 12156
3719 12168
3720 12174
3721 12174
3722 12181
3723 12185
3724 12230
3725 12220
3726 12231
3727 12203
3728 12245
3729 12196
3730 12165
3731 12217
3732 12263
3733 12249
3734 12232
3735 12197
3736 12127
3737 12123
3738 12115
3739 12117
3740 12128
3741 12114
3742 12061
3743 12171
3744 12158
3745 12136
3746 12145
3747 12114
3748 12125
3749 12131
3750 12161
3751 12106
3752 12117
3753 12115
3754 12039
3755 12091
3756 12105
3757 12089
3758 12144
3759 12113
3760 12087
3761 12089
3762 12086
3763 12096
3764 12127
3765 12097
3766 12114
3767 12098
3768 12066
3769 12057
3770 12059
3771 12047
3772 12087
3773 12082
3774 12066
3775 12014
3776 12058
3777 12089
3778 12071
3779 12103
3780 12096
3781 12074
3782 12063
3783 12069
3784 12093
3785 12130
3786 12141
3787 12131
3788 12123
3789 12108
3790 12105
3791 12121
3792 12117
3793 12102
3794 12135
3795 12114
3796 12125
3797 12137
3798 12144
3799 12163
3800 12147
3801 12158
3802 12139
3803 12143
3804 12147
3805 12143
3806 12151
3807 12129
3808 12135
3809 12126
3810 12142
3811 12127
3812 12095
3813 12091
3814 11990
3815 12044
3816 12086
3817 12097
3818 12131
3819 12155
3820 12171
3821 12193
3822 12202
3823 12198
3824 12116
3825 12148
3826 12155
3827 12321
3828 12343
3829 12345
3830 12311
3831 12287
3832 12117
3833 12132
3834 12150
3835 12116
3836 12128
3837 12197
3838 12164
3839 12202
3840 12200
3841 12178
3842 12144
3843 12168
3844 12162
3845 12178
3846 12186
3847 12162
3848 12172
3849 12190
3850 12180
3851 12159
3852 12179
3853 12203
3854 12210
3855 12187
3856 12174
3857 12173
3858 12149
3859 12119
3860 12099
3861 12106
3862 12109
3863 12118
3864 12139
3865 12133
3866 12121
3867 12071
3868 12070
3869 12076
3870 12049
3871 12099
3872 12071
3873 12069
3874 12065
3875 12031
3876 12037
3877 12033
3878 12050
3879 12046
3880 12045
3881 12061
3882 12061
3883 12051
3884 12052
3885 12070
3886 12052
3887 12051
3888 12049
3889 12007
3890 12016
3891 11936
3892 11963
3893 12039
3894 11987
3895 12015
3896 12025
3897 11980
3898 12058
3899 12077
3900 12073
3901 12068
3902 12086
3903 12078
3904 12068
3905 12134
3906 12114
3907 12111
3908 12098
3909 12126
3910 12109
3911 12064
3912 12045
3913 12058
3914 12088
3915 12081
3916 12078
3917 12074
3918 12039
3919 12050
3920 12069
3921 12072
3922 12127
3923 12034
3924 12054
3925 12017
3926 12049
3927 12049
3928 12053
3929 12046
3930 12038
3931 12086
3932 12081
3933 12113
3934 12128
3935 12121
3936 12125
3937 12113
3938 12101
3939 12106
3940 12107
3941 12119
3942 12112
3943 12061
3944 12031
3945 12043
3946 12057
3947 12094
3948 12141
3949 12118
3950 12146
3951 12131
3952 12178
3953 12159
3954 12140
3955 12107
3956 12088
3957 12118
3958 12104
3959 12063
3960 12068
3961 12089
3962 12089
3963 12083
3964 12060
3965 12050
3966 12074
3967 12072
3968 12043
3969 12039
3970 12003
3971 12019
3972 12033
3973 12045
3974 12072
3975 12067
3976 12023
3977 12027
3978 12023
3979 12067
3980 12067
3981 12065
3982 12048
3983 12038
3984 12029
3985 12025
3986 12010
3987 12038
3988 12072
3989 12074
3990 12082
3991 12061
3992 12079
3993 12053
3994 12074
3995 12025
3996 12064
3997 12002
3998 12051
3999 12085
4000 12106
4001 12108
4002 12082
4003 11978
4004 12060
4005 12030
4006 12041
4007 12043
4008 12071
4009 11933
4010 11984
4011 12011
4012 12080
4013 12094
4014 12078
4015 12069
4016 12011
4017 12082
4018 12094
4019 12072
4020 12101
4021 12074
4022 12050
4023 12055
4024 12091
4025 12095
4026 12041
4027 11984
4028 11982
4029 12100
4030 12106
4031 12103
4032 12046
4033 12022
4034 12022
4035 12059
4036 12066
4037 12093
4038 12069
4039 12075
4040 12025
4041 11988
4042 12061
4043 12079
4044 12090
4045 12105
4046 12132
4047 12141
4048 12139
4049 12002
4050 12002
4051 11988
4052 11980
4053 11984
4054 12011
4055 12036
4056 11999
4057 12009
4058 11932
4059 12038
4060 12051
4061 12055
4062 12045
4063 11914
4064 11993
4065 11992
4066 12044
4067 12066
4068 12036
4069 12022
4070 11986
4071 11884
4072 11851
4073 11921
4074 12010
4075 12002
4076 12003
4077 12004
4078 11990
4079 12020
4080 11994
4081 12013
4082 12035
4083 12040
4084 12047
4085 12060
4086 12037
4087 12052
4088 12030
4089 12052
4090 12085
4091 12119
4092 12104
4093 12118
4094 12113
4095 12142
4096 12146
4097 12104
4098 12061
4099 12065
4100 12143
4101 12116
4102 12103
4103 12082
4104 12137
4105 12129
4106 12138
4107 12122
4108 12097
4109 12096
4110 12041
4111 12014
4112 12022
4113 12174
4114 12184
4115 12198
4116 12264
4117 12179
4118 12179
4119 12258
4120 12167
4121 12156
4122 12232
4123 12239
4124 12223
4125 12253
4126 12241
4127 12135
4128 12130
4129 12088
4130 12046
4131 12104
4132 12122
4133 12152
4134 12171
4135 12154
4136 12134
4137 12173
4138 12118
4139 12156
4140 12126
4141 12133
4142 12112
4143 12094
4144 12095
4145 12082
4146 12066
4147 12079
4148 12047
4149 12041
4150 12054
4151 12088
4152 12061
4153 12090
4154 12077
4155 12064
4156 12060
4157 12058
4158 12067
4159 12070
4160 12065
4161 12074
4162 12054
4163 12039
4164 12034
4165 12050
4166 12032
4167 12031
4168 12055
4169 12061
4170 12048
4171 12057
4172 12060
4173 12063
4174 12049
4175 12026
4176 12035
4177 12024
4178 12052
4179 12053
4180 12057
4181 12084
4182 12089
4183 12070
4184 12031
4185 12106
4186 12086
4187 12126
4188 12146
4189 12144
4190 12184
4191 12166
4192 12125
4193 12135
4194 12127
4195 12120
4196 12132
4197 12122
4198 12099
4199 12036
4200 12028
4201 12135
4202 12154
4203 12166
4204 12133
4205 12106
4206 12134
4207 12108
4208 12106
4209 12080
4210 12079
4211 12097
4212 12109
4213 12140
4214 12115
4215 12080
4216 12124
4217 12128
4218 12094
4219 12107
4220 12113
4221 12081
4222 12113
4223 12121
4224 12124
4225 12120
4226 12143
4227 12109
4228 12119
4229 12083
4230 12134
4231 12118
4232 12112
4233 12101
4234 12111
4235 12097
4236 12119
4237 12133
4238 12153
4239 12121
4240 12167
4241 12177
4242 12130
4243 12134
4244 12179
4245 12218
4246 12247
4247 12218
4248 12199
4249 12088
4250 12066
4251 12068
4252 12066
4253 12055
4254 12058
4255 12042
4256 12097
4257 12177
4258 12216
4259 12228
4260 12143
4261 12097
4262 12047
4263 12052
4264 11998
4265 12018
4266 12037
4267 12029
4268 12024
4269 12042
4270 12065
4271 12082
4272 12057
4273 12002
4274 12036
4275 12067
4276 12069
4277 12090
4278 12097
4279 12089
4280 12089
4281 12086
4282 12077
4283 12085
4284 12093
4285 12074
4286 12090
4287 12098
4288 12089
4289 12101
4290 12110
4291 12088
4292 12145
4293 12200
4294 12151
4295 12126
4296 12125
4297 12112
4298 12120
4299 12117
4300 12110
4301 12058
4302 12062
4303 12109
4304 12088
4305 12136
4306 12136
4307 12126
4308 12132
4309 12130
4310 12138
4311 12134
4312 12094
4313 12112
4314 12099
4315 12116
4316 12055
4317 12046
4318 12065
4319 12082
4320 12095
4321 12083
4322 12094
4323 12088
4324 12065
4325 12028
4326 12048
4327 12087
4328 12147
4329 12103
4330 12129
4331 12165
4332 12145
4333 12158
4334 12136
4335 12142
4336 12069
4337 12138
4338 12084
4339 12148
4340 12130
4341 12126
4342 12133
4343 12105
4344 12106
4345 12096
4346 12107
4347 12078
4348 12109
4349 12113
4350 12055
4351 11988
4352 11995
4353 12000
4354 12085
4355 12093
4356 12096
4357 12091
4358 12089
4359 12069
4360 12083
4361 12057
4362 11967
4363 12063
4364 12020
4365 12016
4366 12079
4367 12069
4368 12108
4369 12094
4370 12102
4371 12107
4372 12148
4373 12151
4374 12179
4375 12154
4376 12159
4377 12093
4378 12082
4379 12081
4380 12069
4381 12103
4382 12096
4383 12114
4384 12090
4385 12145
4386 12145
4387 12138
4388 12158
4389 12124
4390 12068
4391 12073
4392 12066
4393 12027
4394 12112
4395 12140
4396 12131
4397 12135
4398 12096
4399 12035
4400 11996
4401 12011
4402 12089
4403 12119
4404 12139
4405 12138
4406 12141
4407 12133
4408 12124
4409 12099
4410 12125
4411 12092
4412 12086
4413 12110
4414 12048
4415 12126
4416 12090
4417 12119
4418 12109
4419 12116
4420 12112
4421 12136
4422 12145
4423 12150
4424 12094
4425 12042
4426 11962
4427 11978
4428 12049
4429 12102
4430 12120
4431 12110
4432 12090
4433 12113
4434 12112
4435 12137
4436 12137
4437 12134
4438 12117
4439 12101
4440 12101
4441 12090
4442 12115
4443 12110
4444 12078
4445 12087
4446 12094
4447 12110
4448 12111
4449 12117
4450 12094
4451 12120
4452 12130
4453 12130
4454 12136
4455 12114
4456 12110
4457 12011
4458 12018
4459 12051
4460 12019
4461 12054
4462 12009
4463 11927
4464 12011
4465 12057
4466 12062
4467 12082
4468 12045
4469 12102
4470 12109
4471 12085
4472 12054
4473 12034
4474 12025
4475 12082
4476 12071
4477 12045
4478 12076
4479 12089
4480 12129
4481 12125
4482 12106
4483 12080
4484 12044
4485 12048
4486 11987
4487 12024
4488 12096
4489 12114
4490 12084
4491 12096
4492 12088
4493 12138
4494 12179
4495 12176
4496 12112
4497 12108
4498 12259
4499 12213
4500 12227
4501 12230
4502 12111
4503 12237
4504 12228
4505 12161
4506 12197
4507 12127
4508 12142
4509 12148
4510 12141
4511 12122
4512 12124
4513 12130
4514 12130
4515 12149
4516 12112
4517 12133
4518 12141
4519 12072
4520 12041
4521 12045
4522 12083
4523 12102
4524 12158
4525 12144
4526 12156
4527 12179
4528 12177
4529 12141
4530 12142
4531 12136
4532 12117
4533 12107
4534 12120
4535 12098
4536 12140
4537 12132
4538 12110
4539 12099
4540 12082
4541 12085
4542 12076
4543 12091
4544 12075
4545 12070
4546 11970
4547 11932
4548 11857
4549 12008
4550 12029
4551 12039
4552 12036
4553 12049
4554 12023
4555 12036
4556 12023
4557 11990
4558 12013
4559 12026
4560 12019
4561 12018
4562 12012
4563 12030
4564 12018
4565 12023
4566 12042
4567 12091
4568 12046
4569 12098
4570 12114
4571 12114
4572 12094
4573 12089
4574 12069
4575 12059
4576 12111
4577 12099
4578 12071
4579 12017
4580 12128
4581 12125
4582 12132
4583 12138
4584 12139
4585 12135
4586 12166
4587 12171
4588 12132
4589 12117
4590 12112
4591 12081
4592 12123
4593 12110
4594 12160
4595 12156
4596 12160
4597 12161
4598 12144
4599 12100
4600 12114
4601 12060
4602 12087
4603 12074
4604 12084
4605 12083
4606 11998
4607 12052
4608 12097
4609 12085
4610 12084
4611 12120
4612 12131
4613 12141
4614 12129
4615 12084
4616 12027
4617 11994
4618 12079
4619 12108
4620 12098
4621 12113
4622 12092
4623 12088
4624 12075
4625 12083
4626 12095
4627 12105
4628 12114
4629 12078
4630 12105
4631 12113
4632 12109
4633 12080
4634 12037
4635 12043
4636 12029
4637 12075
4638 12046
4639 12050
4640 12020
4641 12020
4642 12006
4643 12032
4644 12040
4645 12039
4646 12027
4647 11990
4648 12029
4649 12038
4650 11942
4651 11917
4652 11935
4653 11927
4654 12024
4655 12031
4656 12018
4657 12028
4658 12027
4659 12038
4660 12020
4661 12008
4662 11969
4663 11915
4664 11959
4665 12009
4666 11982
4667 12032
4668 12060
4669 12018
4670 12056
4671 11999
4672 12021
4673 12042
4674 12073
4675 12056
4676 12087
4677 12109
4678 12111
4679 12089
4680 12033
4681 12056
4682 12027
4683 12031
4684 12024
4685 12049
4686 12044
4687 12049
4688 12037
4689 12057
4690 12060
4691 12072
4692 12070
4693 12035
4694 12027
4695 12085
4696 12081
4697 12062
4698 12034
4699 12055
4700 12032
4701 12014
4702 11933
4703 12041
4704 12043
4705 12048
4706 11994
4707 11980
4708 11985
4709 11999
4710 12019
4711 12005
4712 12037
4713 12057
4714 12035
4715 12046
4716 12062
4717 12064
4718 12065
4719 12063
4720 12070
4721 12065
4722 12062
4723 12060
4724 11998
4725 12023
4726 12050
4727 12041
4728 12005
4729 12013
4730 12034
4731 12044
4732 11968
4733 12056
4734 12053
4735 12059
4736 12016
4737 12010
4738 12023
4739 12044
4740 12009
4741 12026
4742 12023
4743 11978
4744 12051
4745 12035
4746 12042
4747 12054
4748 12025
4749 12028
4750 12022
4751 12027
4752 12043
4753 12004
4754 12007
4755 11945
4756 12010
4757 12019
4758 12041
4759 12092
4760 12073
4761 12096
4762 12115
4763 12098
4764 12035
4765 12071
4766 12046
4767 12059
4768 12061
4769 12053
4770 12036
4771 12063
4772 12084
4773 12083
4774 12079
4775 12049
4776 12007
4777 12011
4778 12051
4779 12066
4780 11997
4781 12095
4782 12131
4783 12118
4784 12105
4785 12086
4786 12046
4787 12094
4788 12074
4789 12157
4790 12131
4791 12095
4792 12113
4793 12100
4794 12087
4795 12115
4796 12123
4797 12092
4798 12115
4799 12109
4800 12064
4801 12087
4802 12084
4803 12057
4804 12105
4805 12115
4806 12110
4807 12102
4808 12082
4809 12116
4810 12118
4811 12104
4812 12178
4813 12229
4814 12249
4815 12251
4816 12251
4817 12265
4818 12182
4819 12196
4820 12171
4821 12156
4822 12173
4823 12174
4824 12124
4825 12110
4826 12119
4827 12128
4828 12091
4829 12106
4830 12095
4831 11996
4832 12034
4833 12049
4834 12084
4835 12049
4836 12034
4837 12093
4838 12124
4839 12146
4840 12093
4841 12062
4842 12076
4843 12059
4844 12047
4845 12021
4846 12079
4847 12071
4848 12070
4849 12072
4850 12050
4851 12027
4852 12006
4853 12038
4854 12038
4855 12080
4856 12099
4857 12071
4858 12069
4859 12099
4860 12055
4861 12066
4862 12078
4863 12093
4864 12054
4865 12058
4866 12048
4867 12044
4868 12064
4869 12036
4870 12020
4871 12069
4872 12149
4873 12149
4874 12178
4875 12067
4876 12063
4877 12059
4878 12152
4879 12126
4880 12120
4881 12135
4882 12145
4883 12191
4884 12196
4885 12196
4886 12174
4887 12174
4888 12177
4889 12050
4890 12092
4891 12126
4892 12153
4893 12190
4894 12148
4895 12169
4896 12065
4897 12127
4898 12137
4899 12151
4900 12140
4901 12125
4902 12126
4903 12130
4904 12154
4905 12159
4906 12189
4907 12206
4908 12122
4909 12119
4910 12076
4911 12167
4912 12154
4913 12158
4914 12158
4915 12137
4916 12139
4917 12138
4918 12180
4919 12137
4920 12137
4921 12151
4922 12133
4923 12156
4924 12177
4925 12186
4926 12185
4927 12178
4928 12130
4929 12132
4930 12111
4931 12110
4932 12088
4933 12128
4934 12123
4935 12099
4936 12129
4937 12113
4938 12113
4939 12084
4940 12093
4941 12075
4942 12109
4943 12145
4944 12123
4945 12141
4946 12102
4947 12086
4948 12135
4949 12126
4950 12144
4951 12128
4952 12163
4953 12165
4954 12166
4955 12136
4956 12135
4957 12139
4958 12121
4959 12049
4960 12044
4961 12123
4962 12112
4963 12104
4964 12096
4965 12130
4966 12130
4967 12129
4968 12124
4969 12133
4970 12159
4971 12160
4972 12100
4973 12065
4974 12137
4975 12097
4976 12187
4977 12198
4978 12203
4979 12202
4980 12194
4981 12251
4982 12240
4983 12201
4984 12204
4985 12156
4986 12120
4987 12175
4988 12226
4989 12225
4990 12248
4991 12230
4992 12217
4993 12239
